-269
-267
-264
-259
-254
-247
-237
-229
-222
-215
-205
-194
-178
-160
-144
-130
-119
-105
-87
-65
-40
-17
3
23
44
67
93
115
127
134
136
131
122
114
107
99
88
81
76
73
70
69
69
69
69
69
70
71
72
74
75
75
76
76
76
74
72
70
69
66
64
63
60
56
51
47
44
41
38
37
36
35
34
34
35
36
38
39
40
39
35
24
6
-8
-17
-8
22
89
187
325
496
679
850
964
989
902
712
440
153
-84
-238
-285
-254
-186
-117
-74
-46
-30
-14
0
11
17
22
28
32
33
34
35
36
37
38
40
41
43
43
44
45
46
48
49
50
51
52
52
49
47
44
42
41
40
39
37
36
35
36
38
42
46
48
50
52
55
59
64
70
77
85
92
99
107
117
129
140
145
148
150
151
150
146
140
131
119
107
94
80
67
56
48
42
35
28
19
9
0
-8
-20
-33
-45
-58
-68
-76
-84
-91
-97
-104
-109
-115
-120
-125
-129
-133
-137
-139
-140
-138
-132
-126
-118
-109
-102
-97
-94
-92
-90
-89
-89
-92
-98
-101
-100
-86
-39
47
166
326
517
718
889
962
954
830
584
287
6
-204
-304
-320
-287
-227
-179
-160
-153
-147
-145
-148
-151
-153
-155
-157
-158
-161
-162
-163
-163
-163
-162
-160
-156
-152
-148
-144
-139
-135
-130
-123
-114
-104
-96
-90
-84
-79
-69
-56
-42
-29
-17
-5
6
19
34
49
63
73
81
90
98
107
116
124
129
131
133
135
137
136
132
125
115
101
90
78
66
53
43
36
28
21
13
6
-3
-16
-28
-40
-51
-65
-73
-77
-81
-84
-84
-84
-83
-83
-81
-79
-75
-70
-65
-57
-50
-45
-41
-38
-34
-29
-23
-17
-11
-6
-2
2
11
23
29
33
35
36
35
34
31
26
19
8
-4
-17
-27
-29
-23
-4
42
119
231
376
545
716
860
937
909
769
535
249
-23
-227
-317
-331
-299
-239
-189
-164
-149
-136
-123
-115
-111
-107
-102
-98
-95
-91
-86
-82
-77
-71
-63
-55
-46
-39
-32
-24
-11
0
7
16
24
31
37
43
47
51
53
55
55
52
47
42
38
36
33
31
30
30
30
30
30
30
31
32
33
33
33
33
33
33
33
32
31
31
31
30
29
28
27
26
25
21
11
2
-7
-15
-24
-30
-33
-36
-40
-45
-49
-53
-56
-57
-58
-59
-59
-60
-61
-63
-64
-67
-68
-70
-71
-73
-74
-76
-79
-82
-84
-87
-88
-88
-87
-85
-83
-80
-77
-75
-71
-66
-60
-55
-49
-42
-33
-29
-28
-29
-26
-21
-12
15
71
161
287
450
639
821
958
999
921
716
430
128
-114
-253
-282
-230
-158
-106
-92
-87
-83
-82
-82
-85
-88
-90
-92
-93
-92
-92
-93
-94
-95
-95
-95
-94
-93
-91
-89
-87
-85
-83
-80
-78
-75
-71
-67
-63
-57
-51
-45
-38
-30
-20
-9
3
19
33
43
54
61
67
72
76
81
84
87
89
92
94
96
98
100
100
100
98
96
93
90
86
81
70
58
45
34
24
16
9
3
-3
-14
-28
-40
-49
-58
-67
-75
-82
-85
-89
-92
-94
-94
-94
-93
-91
-88
-84
-80
-74
-64
-53
-49
-47
-46
-45
-43
-43
-43
-43
-43
-43
-44
-44
-44
-45
-45
-45
-44
-44
-44
-44
-44
-43
-42
-41
-40
-39
-38
-38
-37
-37
-36
-35
-34
-31
-30
-29
-30
-33
-37
-42
-45
-49
-54
-42
-3
64
169
311
484
666
827
901
896
787
561
280
12
-176
-235
-235
-168
-93
-59
-49
-41
-35
-32
-32
-34
-36
-40
-44
-46
-48
-50
-52
-55
-58
-59
-58
-55
-51
-46
-42
-38
-32
-26
-21
-17
-14
-11
-8
-6
-4
-1
0
3
5
9
16
23
29
36
44
52
58
63
69
74
79
83
87
92
98
104
108
113
116
119
121
121
121
120
117
113
106
93
83
75
67
57
43
28
13
-3
-18
-29
-38
-48
-52
-56
-59
-62
-65
-66
-68
-68
-69
-69
-69
-69
-68
-66
-65
-63
-61
-57
-51
-44
-38
-28
-14
-5
-1
1
2
2
2
1
0
-1
-3
-4
-6
-9
-12
-15
-16
-17
-19
-20
-22
-24
-26
-30
-35
-38
-40
-41
-42
-43
-43
-44
-44
-45
-45
-44
-44
-43
-42
-41
-39
-39
-40
-46
-53
-61
-70
-71
-65
-50
0
83
204
364
555
754
916
994
955
798
539
243
-15
-188
-241
-239
-178
-108
-62
-43
-39
-35
-33
-30
-29
-30
-29
-28
-28
-28
-29
-30
-30
-30
-30
-30
-30
-29
-29
-28
-28
-27
-26
-24
-23
-21
-17
-4
6
14
23
30
36
42
48
54
62
71
79
87
97
108
118
130
136
139
142
145
147
149
150
151
151
152
151
151
150
148
146
144
141
138
131
117
104
91
78
64
50
35
24
18
13
9
5
1
-3
-8
-15
-20
-23
-25
-27
-29
-29
-28
-27
-25
-22
-20
-17
-13
-9
-5
-1
1
4
8
13
17
22
27
30
34
36
38
38
36
32
28
24
18
11
19
43
96
184
311
472
656
827
934
939
859
650
379
108
-104
-222
-255
-226
-173
-132
-105
-97
-92
-88
-85
-83
-82
-81
-80
-78
-76
-73
-70
-67
-64
-59
-53
-47
-42
-39
-37
-35
-34
-33
-32
-32
-31
-31
-32
-32
-32
-31
-30
-29
-28
-27
-25
-24
-23
-22
-21
-19
-15
-11
-7
-3
0
5
8
12
17
22
27
31
34
37
40
42
43
44
44
43
42
40
38
35
33
29
24
18
11
5
0
-5
-10
-13
-18
-23
-29
-36
-42
-49
-57
-66
-69
-71
-73
-75
-77
-78
-79
-79
-79
-79
-79
-77
-75
-73
-71
-68
-65
-61
-54
-48
-43
-38
-31
-22
-17
-15
-12
-10
-9
-8
-7
-7
-6
-6
-7
-8
-9
-10
-12
-14
-17
-20
-27
-32
-37
-41
-45
-48
-51
-54
-58
-59
-61
-62
-63
-63
-64
-66
-67
-68
-70
-71
-74
-76
-78
-80
-85
-93
-85
-61
-7
79
201
361
549
740
893
970
934
778
518
210
-78
-289
-384
-393
-346
-273
-211
-165
-137
-119
-104
-94
-86
-80
-76
-71
-65
-61
-59
-58
-57
-56
-55
-54
-52
-51
-50
-49
-48
-47
-46
-44
-42
-39
-34
-29
-24
-19
-9
3
15
28
42
52
57
59
61
62
63
64
64
65
65
65
64
64
63
62
62
61
60
59
57
56
54
52
50
47
39
31
25
22
20
17
13
10
6
3
-1
-5
-8
-11
-14
-16
-17
-18
-19
-20
-20
-20
-21
-21
-22
-22
-23
-25
-26
-27
-29
-30
-31
-32
-33
-34
-35
-36
-38
-39
-41
-42
-44
-45
-46
-47
-46
-46
-46
-45
-45
-44
-44
-43
-43
-42
-41
-41
-40
-39
-37
-36
-34
-32
-29
-26
-23
-20
-16
-13
-11
-9
-7
-5
-3
-2
0
1
2
4
5
7
10
15
29
46
62
79
97
108
115
120
123
122
120
118
117
116
115
115
114
113
112
111
110
110
109
108
108
107
107
106
106
105
103
102
99
94
84
77
73
84
116
176
271
405
570
759
943
1082
1137
1080
905
638
333
48
-153
-234
-241
-192
-127
-71
-35
-18
-8
-2
3
8
12
16
20
24
27
32
38
46
55
64
73
82
90
97
101
104
105
105
105
106
106
107
108
108
108
109
109
110
110
110
110
111
111
111
112
112
112
112
112
112
112
111
110
109
108
107
106
105
104
102
100
95
89
84
79
74
69
63
58
53
49
46
42
39
36
33
30
27
23
18
14
9
2
-5
-14
-18
-21
-22
-23
-24
-25
-26
-26
-27
-28
-29
-31
-32
-32
-33
-34
-35
-36
-37
-39
-42
-46
-49
-52
-55
-57
-59
-61
-63
-65
-66
-68
-69
-70
-71
-72
-73
-74
-75
-75
-76
-76
-77
-78
-79
-80
-81
-82
-83
-84
-85
-87
-89
-91
-95
-102
-106
-102
-89
-53
27
146
302
488
683
844
931
909
762
527
250
-4
-172
-230
-231
-178
-121
-86
-74
-71
-70
-70
-70
-70
-69
-69
-68
-68
-68
-69
-69
-69
-70
-70
-71
-72
-73
-73
-73
-72
-72
-72
-72
-71
-70
-69
-68
-67
-66
-64
-62
-57
-51
-44
-38
-31
-25
-20
-13
-5
3
16
31
45
59
73
88
103
118
131
139
142
142
143
144
144
145
144
142
139
135
129
121
113
104
96
86
72
57
33
11
0
-13
-25
-37
-53
-65
-72
-77
-82
-87
-91
-93
-94
-95
-97
-98
-99
-100
-101
-101
-102
-103
-104
-105
-105
-105
-104
-104
-103
-102
-101
-99
-98
-96
-94
-93
-91
-90
-87
-79
-73
-69
-66
-63
-61
-58
-56
-53
-49
-35
13
93
210
365
550
750
919
1013
993
849
594
290
3
-211
-303
-311
-258
-176
-117
-104
-102
-101
-100
-99
-98
-98
-97
-96
-96
-96
-96
-96
-97
-97
-97
-97
-96
-96
-95
-95
-94
-94
-93
-92
-91
-89
-87
-85
-82
-73
-67
-63
-58
-52
-43
-35
-28
-21
-16
-9
-1
8
16
23
30
36
42
48
51
52
53
53
54
54
54
55
55
54
53
51
48
45
40
31
21
12
2
-6
-18
-33
-47
-62
-75
-84
-94
-102
-109
-116
-123
-128
-131
-133
-135
-137
-138
-139
-139
-139
-137
-135
-133
-131
-129
-127
-125
-122
-120
-118
-116
-114
-113
-113
-113
-113
-113
-113
-113
-113
-112
-112
-111
-111
-111
-111
-111
-112
-113
-114
-115
-113
-108
-104
-98
-96
-99
-107
-114
-122
-122
-111
-82
-12
96
246
431
631
806
888
882
767
524
228
-47
-248
-326
-330
-276
-207
-161
-142
-137
-131
-125
-117
-109
-106
-104
-103
-102
-102
-101
-101
-100
-99
-97
-95
-93
-91
-89
-88
-86
-84
-82
-80
-78
-76
-73
-70
-66
-58
-52
-47
-43
-40
-35
-30
-23
-14
-7
2
15
27
41
56
70
81
89
101
108
113
116
119
121
122
122
122
122
122
122
122
122
122
122
121
117
112
105
97
89
80
69
57
44
34
27
18
9
1
0
0
0
-1
-1
-1
-2
-2
-2
-2
-1
0
1
3
6
8
11
13
14
16
16
17
18
18
19
20
21
22
23
24
25
26
27
27
28
29
29
30
32
36
39
42
43
44
44
45
45
46
46
47
47
48
49
50
51
52
53
55
57
59
61
64
68
73
76
76
76
76
76
76
76
76
76
75
74
72
70
68
67
66
64
63
62
60
59
57
55
52
49
44
34
16
1
-12
-24
-38
-49
-56
-60
-60
-57
-52
-48
-43
-39
-38
-39
-42
-45
-50
-56
-49
-28
23
108
235
403
601
798
957
1026
970
785
503
180
-107
-306
-368
-369
-310
-232
-177
-155
-146
-138
-128
-114
-104
-99
-95
-92
-89
-86
-84
-81
-77
-73
-68
-64
-60
-56
-54
-50
-47
-44
-40
-35
-29
-23
-16
-8
0
10
17
20
23
26
28
30
32
33
35
36
39
42
48
53
59
64
68
72
77
82
84
86
88
90
91
93
94
95
95
95
95
95
95
94
92
91
89
88
86
83
80
75
70
65
60
55
50
45
40
34
31
29
27
25
24
22
21
19
17
15
14
11
9
4
-4
-14
-21
-27
-31
-33
-34
-36
-37
-38
-39
-40
-41
-43
-45
-48
-52
-60
-74
-85
-97
-86
-58
8
119
275
467
674
861
946
938
813
561
246
-47
-262
-353
-362
-322
-250
-189
-157
-140
-130
-126
-122
-118
-115
-112
-108
-105
-103
-100
-98
-96
-94
-92
-90
-88
-85
-83
-80
-76
-71
-67
-63
-59
-54
-46
-37
-30
-26
-22
-18
-14
-10
-5
0
4
11
17
24
31
39
46
49
52
55
57
59
61
62
63
64
64
64
64
63
63
62
60
59
57
55
53
50
48
44
40
35
31
27
22
16
10
4
0
-3
-6
-7
-9
-11
-12
-13
-13
-12
-11
-10
-7
-5
-3
-1
0
2
3
4
6
7
7
8
8
6
4
2
0
-3
-6
-8
-10
-12
-13
-15
-16
-18
-20
-21
-22
-23
-23
-23
-23
-22
-21
-20
-19
-18
-18
-17
-16
-15
-14
-14
-13
-13
-11
-13
-22
-32
-41
-42
-37
-24
21
96
207
354
524
702
858
945
946
859
643
363
79
-153
-283
-317
-282
-212
-149
-106
-78
-61
-51
-46
-42
-40
-38
-37
-35
-33
-32
-31
-31
-31
-30
-29
-28
-27
-27
-26
-26
-26
-25
-25
-24
-23
-23
-21
-20
-19
-17
-16
-13
-9
-3
1
7
13
21
27
33
39
44
48
52
53
54
56
57
58
58
59
58
58
57
55
53
50
48
45
43
38
33
29
25
19
12
5
-2
-9
-17
-26
-34
-41
-46
-49
-53
-57
-62
-66
-71
-76
-80
-82
-82
-82
-83
-85
-84
-75
-71
-69
-67
-65
-63
-61
-60
-58
-56
-55
-55
-55
-54
-52
-50
-46
-40
-32
-24
-20
-18
-16
-14
-13
-12
-12
-12
-12
-12
-11
-11
-10
-10
-9
-9
-9
-9
-9
-8
-7
-7
-5
-4
-1
1
4
7
11
14
16
18
20
21
22
24
25
27
28
30
32
34
36
38
39
41
42
44
45
46
48
49
51
51
52
52
51
50
49
48
46
44
42
40
35
26
20
17
28
60
123
223
361
530
714
885
1006
1037
956
763
495
209
-34
-187
-225
-222
-166
-114
-86
-77
-70
-63
-56
-46
-38
-31
-25
-19
-12
-5
0
4
6
8
8
9
9
9
9
9
9
9
9
10
10
10
11
11
12
13
15
16
19
23
33
42
52
62
71
80
89
99
105
109
113
115
117
119
121
122
123
125
127
129
130
130
129
127
124
119
114
105
97
89
81
72
65
59
53
48
42
37
32
26
19
10
2
-5
-12
-22
-34
-50
-57
-60
-63
-65
-67
-69
-71
-74
-77
-79
-82
-84
-86
-90
-93
-96
-97
-97
-95
-92
-89
-86
-84
-81
-77
-74
-73
-73
-74
-76
-79
-80
-81
-82
-83
-84
-85
-86
-87
-89
-90
-91
-91
-92
-92
-93
-93
-92
-92
-91
-91
-90
-90
-90
-89
-89
-88
-87
-86
-86
-85
-84
-83
-82
-80
-79
-77
-75
-72
-69
-67
-64
-60
-57
-53
-49
-45
-43
-43
-42
-42
-42
-43
-43
-43
-44
-44
-44
-44
-44
-44
-44
-43
-43
-42
-41
-40
-39
-37
-35
-34
-32
-30
-28
-26
-25
-25
-25
-27
-29
-31
-34
-39
-46
-45
-33
2
71
179
329
511
704
881
981
985
902
685
397
103
-131
-262
-290
-248
-178
-120
-95
-85
-77
-69
-61
-52
-48
-45
-43
-41
-40
-39
-38
-37
-36
-35
-34
-33
-32
-31
-29
-28
-26
-24
-23
-21
-18
-16
-12
-7
-1
5
12
19
25
31
36
40
46
53
62
71
79
89
101
113
126
138
146
155
165
173
178
181
182
184
185
186
186
186
184
182
179
175
170
163
156
150
142
134
124
115
106
98
88
75
65
57
49
41
32
23
14
6
-1
-9
-17
-23
-26
-27
-28
-29
-30
-30
-31
-32
-32
-33
-33
-33
-33
-32
-32
-31
-30
-29
-27
-26
-24
-23
-22
-21
-21
-20
-19
-18
-16
-14
-12
-11
-11
-11
-12
-12
-13
-14
-16
-19
-21
-21
-17
-11
-5
1
7
13
22
35
49
62
83
106
132
162
193
228
267
310
355
402
450
503
564
633
707
784
855
910
933
925
864
740
559
347
131
-60
-207
-301
-342
-356
-350
-330
-298
-284
-277
-274
-270
-266
-261
-252
-239
-233
-229
-226
-225
-225
-227
-229
-231
-234
-236
-236
-234
-232
-231
-229
-228
-226
-225
-225
-225
-226
-227
-228
-230
-232
-235
-235
-231
-226
-222
-217
-213
-208
-204
-199
-195
-190
-186
-182
-176
-168
-159
-150
-141
-134
-126
-118
-111
-100
-87
-77
-69
-61
-53
-45
-36
-25
-10
0
6
12
19
21
23
25
26
27
28
28
29
29
30
30
31
31
31
32
32
33
34
35
36
37
38
39
40
41
42
45
47
50
51
50
47
43
40
37
35
32
29
27
25
24
24
24
25
27
29
31
35
40
50
59
72
86
97
109
121
129
134
136
136
137
138
138
139
139
139
139
139
139
139
139
138
138
138
138
139
139
139
139
139
138
137
136
135
134
133
132
130
126
116
108
109
127
170
247
363
517
703
897
1066
1139
1130
1010
770
478
186
-34
-158
-187
-142
-71
-6
35
66
89
103
110
113
116
118
119
121
121
122
122
122
121
120
119
117
116
114
111
107
98
90
81
73
62
57
54
51
48
46
45
44
43
42
41
41
41
41
40
40
39
38
37
39
42
47
53
62
70
78
84
90
95
98
101
104
106
107
107
105
103
99
95
89
79
70
62
54
45
33
18
5
-4
-14
-24
-34
-42
-50
-58
-65
-69
-72
-74
-76
-77
-77
-76
-74
-71
-68
-64
-60
-54
-49
-45
-42
-39
-36
-34
-34
-37
-41
-43
-45
-46
-48
-49
-51
-52
-53
-53
-52
-52
-50
-48
-45
-42
-39
-36
-29
-22
-13
-8
-3
0
4
6
8
9
10
12
13
14
15
15
15
15
15
14
13
11
9
8
6
4
2
0
-1
-4
-6
-9
-11
-14
-17
-22
-32
-41
-51
-60
-71
-76
-78
-81
-82
-84
-85
-86
-87
-88
-89
-90
-91
-93
-94
-95
-98
-100
-102
-106
-115
-116
-108
-87
-35
50
174
336
525
715
868
943
904
740
476
170
-118
-333
-425
-434
-391
-315
-248
-201
-169
-148
-142
-139
-136
-132
-129
-126
-122
-117
-110
-103
-97
-93
-90
-88
-85
-83
-80
-79
-77
-76
-74
-72
-69
-65
-60
-54
-45
-34
-25
-17
-8
0
10
19
27
36
44
54
64
74
84
93
103
114
122
129
133
137
139
142
143
145
146
147
148
148
149
148
148
146
144
142
140
137
132
126
120
109
95
81
69
60
48
36
27
17
9
3
0
-2
-4
-6
-7
-8
-9
-9
-9
-9
-8
-6
-3
0
2
4
6
7
9
11
13
15
17
19
20
21
22
22
23
23
23
24
24
25
26
28
29
30
30
30
30
30
30
29
29
28
27
26
25
24
23
22
20
19
17
14
9
3
0
-3
-7
-10
-13
-16
-20
-23
-25
-28
-32
-36
-39
-44
-53
-61
-64
-65
-50
-11
60
171
322
502
691
853
936
933
835
604
311
19
-215
-347
-368
-316
-235
-164
-109
-88
-83
-80
-77
-75
-73
-70
-68
-65
-62
-60
-59
-58
-57
-55
-52
-50
-48
-48
-48
-49
-51
-52
-54
-55
-58
-61
-63
-64
-63
-62
-59
-55
-50
-43
-34
-27
-21
-17
-12
-7
-3
1
6
11
17
20
23
25
27
29
31
31
32
31
30
29
27
25
22
20
17
12
7
3
0
-4
-9
-13
-18
-23
-28
-36
-45
-53
-60
-68
-79
-88
-94
-98
-102
-106
-108
-110
-111
-112
-112
-113
-114
-115
-115
-116
-116
-117
-117
-118
-118
-119
-119
-119
-119
-119
-119
-119
-118
-117
-116
-115
-113
-112
-110
-107
-105
-100
-91
-83
-77
-69
-61
-56
-53
-51
-49
-48
-48
-49
-50
-53
-57
-60
-62
-64
-66
-68
-70
-73
-75
-77
-79
-82
-84
-87
-92
-99
-105
-110
-113
-116
-119
-120
-121
-120
-117
-113
-108
-102
-92
-82
-76
-72
-68
-66
-67
-70
-75
-81
-93
-103
-108
-103
-74
-19
67
187
340
515
690
833
902
865
718
484
204
-53
-237
-306
-311
-265
-208
-188
-182
-176
-169
-149
-102
-50
-9
18
31
36
38
40
41
42
43
44
46
48
50
51
53
54
56
58
60
63
65
68
71
73
75
77
79
81
84
90
95
102
108
113
118
123
127
132
136
141
145
150
154
158
161
164
166
168
169
171
173
174
175
175
176
175
174
171
168
165
161
155
143
134
125
116
108
97
85
75
67
59
48
35
21
7
-5
-17
-23
-27
-29
-30
-31
-30
-28
-26
-24
-23
-22
-21
-19
-18
-17
-16
-16
-16
-15
-16
-16
-16
-15
-15
-14
-13
-12
-11
-11
-11
-11
-11
-11
-11
-12
-12
-13
-14
-15
-17
-21
-32
-47
-58
-65
-69
-56
-15
62
184
346
538
732
893
970
927
757
493
187
-86
-272
-332
-332
-275
-213
-182
-172
-168
-168
-167
-165
-164
-164
-165
-165
-165
-164
-163
-161
-159
-158
-156
-154
-150
-146
-142
-137
-134
-131
-128
-126
-123
-120
-117
-114
-110
-102
-88
-75
-66
-60
-54
-48
-41
-32
-20
-9
-1
5
15
27
39
53
64
71
77
84
88
91
93
95
97
98
98
97
95
93
90
87
81
70
64
56
44
29
14
-4
-19
-29
-37
-46
-58
-75
-87
-93
-97
-100
-102
-103
-105
-108
-110
-109
-108
-108
-108
-107
-107
-106
-105
-104
-104
-104
-104
-104
-105
-105
-106
-106
-106
-106
-106
-105
-105
-105
-104
-104
-104
-105
-105
-104
-104
-103
-102
-100
-99
-97
-95
-93
-90
-83
-78
-74
-73
-71
-70
-69
-68
-67
-66
-64
-63
-61
-59
-56
-47
-34
-24
-17
-10
0
11
26
39
48
55
62
72
83
91
96
95
87
76
63
53
40
25
11
2
-4
-4
2
4
6
6
7
7
8
9
10
11
12
13
13
14
15
18
23
44
98
186
313
478
671
873
1041
1113
1103
977
720
411
123
-89
-181
-191
-149
-87
-46
-24
-15
-8
-1
5
6
1
-8
-22
-31
-35
-38
-41
-42
-44
-45
-45
-45
-44
-42
-40
-37
-34
-32
-29
-25
-20
-16
-13
-11
-8
-4
1
10
19
27
34
40
45
50
56
63
72
80
88
97
108
122
140
154
164
172
180
186
190
193
195
197
198
199
197
194
189
184
178
171
164
155
146
139
133
129
123
116
108
98
87
78
71
63
54
48
44
40
37
35
32
30
29
27
25
23
21
19
17
15
13
10
8
5
4
2
1
0
0
-1
-2
-3
-3
-4
-5
-6
-7
-9
-11
-13
-15
-18
-20
-22
-24
-26
-28
-30
-32
-34
-36
-37
-39
-41
-44
-46
-48
-49
-50
-50
-49
-48
-46
-44
-42
-40
-38
-36
-33
-31
-28
-26
-23
-19
-15
-12
-10
-10
-10
-12
-15
-19
-27
-41
-51
-56
-47
-20
43
150
300
487
690
872
977
981
896
677
383
82
-158
-298
-335
-292
-223
-165
-130
-112
-96
-77
-66
-61
-58
-56
-55
-53
-51
-50
-48
-47
-45
-44
-42
-41
-39
-37
-32
-28
-22
-17
-13
-11
-8
-6
-4
-2
0
1
3
4
6
8
10
13
15
19
24
29
33
37
42
49
60
70
78
86
93
100
104
107
110
112
114
114
113
111
108
104
100
95
87
80
74
69
65
60
56
51
47
41
34
23
12
1
-8
-17
-22
-25
-27
-30
-32
-33
-34
-36
-36
-38
-39
-40
-41
-42
-44
-45
-46
-47
-46
-45
-42
-39
-36
-31
-26
-20
-15
-9
1
17
35
54
74
92
120
149
180
216
254
293
340
402
479
579
706
862
1039
1231
1416
1564
1627
1559
1334
968
511
55
-305
-516
-566
-486
-363
-257
-223
-212
-220
-227
-231
-234
-235
-233
-229
-224
-220
-215
-209
-203
-198
-195
-194
-192
-191
-190
-188
-187
-186
-185
-184
-184
-184
-185
-186
-186
-187
-188
-188
-189
-190
-191
-191
-192
-193
-194
-195
-196
-199
-201
-197
-187
-181
-175
-170
-165
-160
-156
-152
-148
-143
-137
-132
-127
-118
-102
-88
-77
-68
-58
-49
-38
-26
-16
-7
0
5
10
15
18
21
24
25
25
22
18
13
6
-3
-10
-18
-25
-27
-28
-29
-29
-30
-30
-30
-30
-30
-30
-29
-27
-25
-23
-21
-19
-16
-11
-4
2
8
13
17
20
23
25
26
27
27
27
28
29
29
29
29
30
30
30
30
30
30
30
29
29
28
27
27
27
26
26
25
25
24
23
23
22
21
20
20
19
19
19
20
22
25
27
29
32
34
36
36
33
28
22
16
8
8
17
43
106
208
348
523
719
902
1037
1077
1001
804
519
207
-59
-233
-301
-278
-214
-154
-109
-87
-74
-62
-46
-37
-35
-33
-31
-30
-28
-27
-27
-26
-25
-24
-24
-23
-23
-22
-22
-21
-19
-17
-14
-11
-6
-2
2
8
13
17
22
27
33
39
45
53
61
70
75
78
81
84
87
89
92
95
99
104
109
114
117
119
121
123
125
125
125
124
122
119
116
113
109
105
101
98
94
88
80
70
60
50
42
34
26
17
7
-1
-9
-15
-20
-23
-24
-24
-25
-25
-25
-25
-25
-25
-24
-22
-21
-19
-18
-18
-17
-17
-16
-16
-16
-16
-16
-17
-18
-20
-22
-25
-28
-32
-39
-48
-54
-58
-49
-22
31
120
246
408
593
774
905
941
862
669
394
96
-152
-307
-359
-331
-263
-197
-153
-131
-123
-116
-110
-106
-103
-101
-99
-96
-93
-91
-87
-82
-76
-71
-63
-55
-48
-41
-34
-24
-19
-17
-14
-13
-11
-9
-8
-6
-4
-3
-1
0
1
6
11
16
19
22
24
26
28
30
32
33
35
38
41
46
56
61
63
65
66
67
67
67
67
67
67
66
65
63
60
58
55
51
44
39
35
31
27
22
17
12
8
5
0
-3
-8
-14
-24
-33
-38
-42
-46
-49
-52
-55
-58
-60
-62
-64
-65
-66
-67
-67
-68
-69
-70
-70
-71
-71
-72
-72
-71
-71
-70
-69
-67
-63
-59
-54
-29
39
147
290
465
657
839
978
1026
954
763
490
195
-56
-213
-270
-245
-189
-138
-113
-105
-98
-91
-87
-85
-84
-83
-81
-79
-75
-72
-70
-69
-69
-69
-69
-69
-68
-67
-66
-64
-62
-61
-60
-60
-59
-59
-57
-55
-48
-34
-26
-21
-16
-11
-7
0
11
21
28
34
41
52
63
71
78
81
83
85
87
88
89
90
92
93
94
94
94
94
93
92
91
90
88
87
83
76
67
55
40
27
18
8
0
-8
-17
-22
-26
-29
-32
-34
-36
-37
-39
-41
-42
-43
-42
-41
-38
-35
-32
-29
-26
-22
-18
-14
-10
-6
-3
0
4
6
8
9
10
12
14
14
12
9
6
2
11
38
89
178
303
461
644
824
965
1024
962
780
510
211
-50
-216
-275
-252
-198
-152
-125
-114
-108
-104
-102
-101
-104
-109
-111
-113
-115
-117
-118
-118
-116
-112
-107
-102
-94
-88
-82
-73
-60
-48
-40
-31
-23
-15
-6
1
9
18
24
29
33
39
44
48
52
55
59
62
64
67
70
72
74
77
79
80
81
81
81
79
77
75
71
67
63
58
53
50
47
44
39
32
24
16
7
0
-9
-20
-31
-38
-43
-46
-48
-49
-50
-49
-48
-46
-42
-37
-32
-29
-26
-23
-21
-19
-17
-16
-16
-16
-18
-19
-22
-24
-27
-31
-34
-38
-42
-45
-46
-48
-49
-49
-50
-51
-53
-55
-56
-56
-56
-56
-56
-56
-55
-54
-53
-52
-51
-49
-48
-46
-42
-38
-33
-28
-22
-16
-7
0
5
12
19
26
29
30
31
33
35
36
37
37
37
37
36
34
32
29
27
25
23
22
21
20
19
18
16
14
11
9
7
5
4
2
1
0
-1
-3
-5
-8
-9
-10
-10
-8
-6
-2
1
4
8
12
14
14
13
9
4
0
-5
-12
-12
-2
22
85
188
332
509
705
893
1031
1077
997
799
514
208
-49
-206
-261
-240
-184
-133
-100
-79
-63
-54
-49
-47
-46
-45
-45
-43
-42
-41
-41
-41
-41
-41
-40
-39
-38
-37
-36
-35
-33
-31
-28
-24
-21
-17
-14
-10
-7
-4
-1
1
4
8
13
22
30
37
43
49
55
61
67
72
77
82
86
90
93
96
98
99
100
101
103
104
104
105
105
105
105
105
103
102
100
99
97
95
92
87
80
73
61
47
34
22
11
0
-13
-28
-37
-41
-44
-47
-48
-48
-47
-45
-43
-40
-36
-33
-30
-28
-25
-22
-19
-16
-14
-12
-12
-12
-13
-15
-17
-20
-25
-30
-34
-38
-46
-46
-36
-9
58
165
315
501
706
895
1026
1051
946
726
435
133
-115
-264
-306
-277
-217
-165
-151
-149
-146
-144
-142
-142
-142
-142
-141
-140
-139
-138
-138
-137
-136
-134
-131
-126
-115
-108
-98
-84
-73
-67
-60
-54
-50
-47
-44
-42
-40
-38
-35
-33
-30
-28
-25
-22
-20
-17
-14
-10
-4
5
12
17
21
23
24
24
24
23
23
22
23
23
23
23
23
23
22
22
21
19
17
15
12
9
5
-3
-11
-19
-27
-35
-39
-42
-45
-46
-47
-47
-47
-44
-41
-38
-34
-31
-29
-27
-25
-24
-22
-21
-20
-19
-18
-17
-17
-16
-15
-15
-15
-15
-16
-17
-18
-18
-19
-19
-19
-20
-20
-21
-22
-24
-26
-29
-33
-36
-43
-54
-61
-65
-55
-28
25
109
227
375
541
703
823
862
796
617
347
43
-222
-393
-453
-419
-333
-244
-178
-137
-110
-92
-73
-57
-45
-36
-26
-21
-18
-16
-15
-14
-14
-14
-13
-12
-12
-11
-10
-10
-10
-9
-9
-9
-8
-8
-7
-5
-3
-2
0
1
3
5
6
8
11
13
16
19
22
25
28
31
32
34
36
38
41
46
51
57
63
69
75
83
88
92
95
98
101
101
100
97
94
90
86
79
68
60
50
38
27
14
3
-5
-13
-21
-29
-40
-48
-55
-61
-67
-72
-75
-77
-79
-80
-81
-81
-82
-83
-83
-84
-84
-83
-83
-82
-81
-79
-76
-74
-71
-67
-56
-47
-41
-36
-33
-32
-30
-26
-21
-13
13
69
157
279
433
610
791
937
1008
966
805
544
236
-49
-251
-330
-336
-288
-219
-166
-133
-113
-103
-98
-94
-92
-92
-91
-90
-87
-85
-84
-84
-83
-82
-80
-78
-76
-74
-71
-69
-67
-65
-63
-61
-58
-54
-50
-45
-39
-31
-20
-12
-4
4
13
24
37
48
56
64
73
80
87
91
93
96
97
97
96
92
88
83
80
77
73
70
67
64
62
61
59
57
54
47
39
31
22
12
2
-7
-17
-26
-35
-44
-54
-62
-64
-65
-66
-67
-68
-68
-68
-68
-68
-66
-64
-61
-58
-54
-51
-47
-42
-37
-34
-32
-31
-30
-29
-29
-29
-29
-29
-29
-29
-30
-30
-30
-30
-30
-29
-29
-29
-30
-30
-31
-32
-34
-36
-38
-41
-42
-46
-52
-44
-22
26
105
219
365
536
710
857
921
913
803
578
299
28
-175
-261
-269
-222
-157
-119
-106
-100
-92
-76
-62
-54
-50
-50
-52
-53
-53
-54
-54
-56
-57
-57
-57
-54
-52
-49
-47
-45
-43
-41
-40
-37
-35
-33
-31
-28
-24
-19
-15
-10
-6
-1
3
7
11
15
19
23
27
31
37
41
46
51
54
57
60
61
62
63
64
65
66
67
68
67
67
66
64
62
60
57
54
49
40
33
27
22
17
12
6
0
-7
-13
-19
-25
-33
-40
-43
-46
-48
-50
-51
-51
-51
-51
-49
-47
-45
-42
-40
-38
-36
-35
-35
-34
-33
-33
-32
-31
-30
-29
-29
-28
-28
-28
-28
-29
-30
-31
-31
-32
-33
-34
-35
-36
-38
-40
-42
-44
-46
-48
-50
-51
-53
-54
-55
-58
-60
-61
-64
-68
-62
-46
-1
73
184
333
514
706
869
955
923
768
506
204
-61
-240
-311
-284
-211
-136
-88
-70
-66
-63
-60
-59
-59
-60
-60
-59
-59
-58
-58
-57
-57
-57
-56
-56
-56
-55
-54
-53
-52
-50
-48
-45
-42
-40
-37
-35
-32
-29
-24
-15
-7
2
15
27
39
49
57
65
75
88
95
98
100
102
102
101
99
95
92
88
86
84
82
80
79
77
75
73
72
71
70
68
66
63
57
42
29
20
10
4
0
-2
-5
-8
-10
-12
-13
-14
-15
-16
-18
-19
-20
-21
-21
-19
-17
-14
-10
-8
-6
-5
-3
-1
0
1
3
4
5
5
5
5
4
2
0
-1
-4
-7
-11
-14
-19
-28
-28
-22
-5
50
142
273
439
628
817
957
1012
952
773
515
233
-11
-169
-211
-209
-157
-102
-68
-49
-42
-37
-32
-28
-27
-26
-25
-23
-21
-18
-16
-15
-13
-12
-11
-11
-10
-9
-8
-7
-6
-4
-3
-1
0
0
1
2
5
8
12
16
20
23
27
32
39
48
58
68
76
83
91
100
107
112
116
122
127
131
135
138
141
143
144
145
146
148
149
149
150
149
146
143
139
131
117
107
99
92
82
71
59
47
35
26
17
9
1
-8
-17
-23
-28
-30
-31
-31
-32
-33
-33
-33
-33
-32
-30
-29
-27
-26
-25
-28
-33
-38
-42
-45
-48
-50
-53
-55
-56
-58
-58
-58
-57
-56
-54
-51
-49
-47
-45
-44
-43
-42
-41
-40
-38
-37
-35
-34
-33
-31
-31
-30
-29
-28
-27
-25
-24
-22
-20
-18
-16
-13
-12
-12
-15
-20
-24
-28
-31
-33
-36
-39
-41
-44
-46
-49
-51
-54
-57
-60
-63
-65
-66
-66
-66
-66
-66
-67
-66
-63
-62
-61
-60
-59
-58
-57
-56
-54
-52
-50
-48
-47
-45
-43
-41
-38
-34
-30
-27
-26
-26
-28
-31
-34
-37
-40
-42
-43
-45
-46
-47
-47
-48
-49
-49
-49
-49
-48
-48
-47
-47
-47
-47
-48
-50
-52
-54
-55
-58
-62
-55
-31
23
112
241
410
603
798
959
1039
1003
843
591
285
-1
-205
-283
-289
-245
-177
-128
-101
-79
-67
-60
-54
-53
-58
-67
-71
-73
-75
-78
-80
-83
-85
-87
-88
-88
-88
-87
-85
-84
-82
-80
-78
-76
-74
-69
-60
-50
-40
-30
-22
-15
-9
-3
2
9
16
22
28
34
39
45
51
54
55
57
58
59
60
61
63
64
65
65
66
65
64
63
62
61
60
58
57
56
55
53
50
47
44
40
37
34
32
30
27
23
17
12
10
9
8
8
8
8
7
6
5
4
4
3
2
2
1
0
0
-1
-1
-2
-3
-4
-5
-6
-8
-9
-11
-12
-14
-16
-19
-23
-31
-38
-44
-48
-51
-53
-55
-57
-58
-59
-59
-58
-57
-55
-53
-51
-48
-43
-34
-25
-20
-16
-13
-10
-7
-3
0
2
4
5
7
8
10
11
13
14
15
16
17
18
18
18
18
18
17
17
16
15
14
13
12
11
9
7
5
-1
-12
-18
-22
-10
26
93
201
350
533
737
925
1054
1079
980
761
468
163
-92
-243
-293
-259
-181
-105
-45
-6
24
47
56
59
61
62
63
63
63
63
61
60
58
57
56
54
53
52
50
49
49
49
49
51
53
56
58
61
64
68
72
76
79
82
85
91
99
106
114
121
131
139
144
150
156
162
165
168
171
173
175
176
177
176
175
174
172
169
166
162
153
145
134
121
109
96
81
67
57
49
41
33
24
16
9
3
-2
-9
-15
-22
-27
-30
-32
-33
-35
-36
-36
-36
-36
-35
-33
-31
-28
-25
-20
-11
-7
-5
-4
-3
-1
0
0
0
0
0
0
0
-1
-2
-4
-5
-7
-9
-11
-13
-14
-16
-18
-20
-22
-25
-28
-32
-38
-47
-47
-33
3
76
185
329
502
689
861
979
1000
901
687
399
99
-149
-297
-343
-310
-232
-156
-100
-66
-49
-41
-37
-34
-32
-31
-31
-33
-36
-39
-43
-45
-49
-53
-55
-57
-58
-58
-59
-59
-60
-61
-61
-58
-53
-47
-39
-29
-22
-16
-12
-8
-5
-2
1
6
11
15
21
28
38
47
57
66
74
83
92
100
107
112
117
120
123
125
126
127
126
124
121
116
111
101
91
78
63
49
36
23
12
1
-12
-24
-31
-37
-43
-50
-58
-67
-73
-78
-82
-84
-86
-87
-87
-88
-89
-90
-91
-90
-89
-86
-83
-80
-76
-69
-63
-57
-52
-46
-43
-41
-40
-39
-39
-38
-38
-38
-38
-38
-37
-37
-38
-38
-39
-40
-40
-41
-41
-42
-43
-43
-43
-42
-41
-41
-41
-40
-40
-39
-38
-38
-40
-42
-46
-48
-50
-52
-55
-58
-60
-61
-61
-60
-58
-56
-53
-50
-44
-43
-48
-54
-59
-48
-15
45
137
267
428
606
769
881
905
823
642
388
110
-126
-281
-337
-315
-254
-201
-177
-169
-162
-156
-146
-132
-122
-117
-112
-108
-103
-101
-99
-97
-96
-94
-93
-92
-90
-89
-88
-87
-85
-84
-82
-79
-73
-67
-62
-56
-49
-42
-32
-19
-11
-6
-3
0
4
7
10
14
18
20
21
23
23
24
25
26
26
27
27
27
27
27
27
26
25
23
21
19
17
15
12
7
1
-3
-8
-12
-17
-23
-28
-33
-37
-41
-44
-48
-52
-55
-58
-61
-65
-70
-77
-84
-89
-92
-95
-98
-101
-103
-104
-104
-104
-104
-103
-103
-103
-103
-102
-102
-102
-102
-103
-103
-103
-103
-103
-104
-104
-103
-102
-101
-100
-99
-98
-98
-96
-95
-93
-91
-87
-82
-79
-74
-69
-62
-51
-44
-40
-36
-33
-30
-28
-27
-26
-25
-25
-24
-24
-23
-23
-23
-22
-21
-21
-20
-20
-20
-20
-19
-19
-19
-19
-19
-19
-19
-18
-17
-17
-17
-17
-16
-16
-16
-15
-16
-16
-17
-17
-17
-17
-16
-16
-16
-16
-15
-14
-13
-12
-10
-9
-8
-6
-4
-1
0
2
3
2
2
0
0
-2
-4
-7
-9
-11
-13
-16
-18
-22
-25
-29
-35
-45
-45
-38
-20
30
113
234
392
576
765
932
1016
1014
921
702
416
129
-99
-223
-249
-207
-137
-83
-61
-55
-49
-43
-32
-19
-6
7
13
15
17
18
20
20
21
22
22
23
25
26
26
27
27
28
29
30
32
34
36
41
46
51
56
62
68
74
79
88
100
113
125
135
143
150
159
170
181
193
202
208
212
216
219
222
225
225
224
220
216
212
208
204
201
198
194
189
184
179
174
166
155
143
130
115
102
89
76
63
51
39
26
16
10
6
4
2
1
0
0
-1
-2
-2
-1
0
2
5
9
14
22
29
36
42
46
49
52
54
55
56
56
57
59
60
61
61
59
56
51
44
36
41
57
101
176
288
437
614
796
950
1027
997
852
609
325
57
-136
-216
-224
-188
-125
-78
-64
-60
-58
-54
-46
-38
-31
-27
-25
-24
-24
-23
-23
-23
-23
-22
-21
-21
-20
-19
-19
-18
-17
-17
-16
-14
-13
-11
-9
-7
-4
-2
0
2
5
8
12
17
22
26
31
38
46
55
63
69
75
80
89
102
114
122
127
129
130
132
133
134
134
134
134
133
132
130
128
125
118
105
92
78
63
49
38
30
22
14
5
-3
-12
-22
-33
-40
-45
-49
-53
-57
-59
-61
-62
-63
-65
-66
-68
-69
-69
-70
-69
-69
-67
-66
-64
-62
-60
-59
-57
-56
-55
-54
-53
-52
-51
-49
-48
-46
-44
-41
-39
-38
-37
-36
-35
-34
-34
-33
-32
-32
-31
-30
-29
-27
-26
-25
-24
-24
-23
-23
-23
-23
-23
-24
-24
-24
-24
-23
-22
-21
-20
-19
-18
-18
-18
-18
-19
-19
-21
-22
-23
-24
-26
-27
-28
-29
-30
-32
-34
-35
-35
-33
-30
-27
-23
-20
-15
-10
-7
-3
-1
0
1
3
4
5
6
8
9
10
11
11
11
10
9
7
6
4
3
1
0
-2
-5
-14
-14
-4
22
85
184
325
505
704
895
1030
1071
986
783
491
177
-84
-255
-314
-289
-224
-157
-122
-109
-102
-97
-93
-87
-82
-79
-77
-75
-73
-72
-70
-68
-66
-64
-62
-60
-58
-56
-54
-52
-50
-48
-46
-44
-41
-38
-33
-25
-18
-12
-6
0
8
15
20
24
27
30
31
33
35
37
38
41
44
48
52
57
63
69
74
78
81
84
87
90
92
93
95
97
99
101
102
101
97
91
80
64
48
34
21
7
-6
-22
-35
-43
-47
-50
-51
-52
-52
-53
-53
-53
-54
-55
-56
-56
-57
-58
-59
-61
-63
-65
-67
-71
-75
-78
-81
-83
-84
-86
-88
-89
-90
-90
-89
-88
-86
-85
-83
-81
-79
-77
-76
-77
-80
-83
-87
-90
-94
-97
-101
-104
-106
-108
-110
-113
-118
-118
-108
-83
-26
63
191
354
542
729
870
913
828
617
317
-9
-283
-452
-500
-452
-356
-262
-200
-174
-165
-158
-150
-143
-141
-139
-137
-135
-135
-137
-139
-141
-142
-143
-144
-145
-145
-144
-143
-140
-137
-133
-128
-123
-119
-114
-105
-92
-80
-67
-56
-48
-40
-35
-31
-29
-26
-24
-22
-21
-18
-15
-11
-5
1
12
25
35
47
59
67
71
73
74
76
77
78
77
76
74
71
67
64
60
55
51
46
42
37
32
27
23
18
11
0
-10
-17
-27
-33
-36
-40
-43
-45
-47
-49
-52
-56
-62
-69
-73
-75
-77
-78
-79
-79
-79
-80
-79
-78
-76
-75
-73
-71
-70
-69
-68
-67
-65
-64
-62
-61
-59
-57
-56
-53
-51
-49
-46
-42
-38
-35
-33
-32
-31
-30
-29
-28
-27
-27
-26
-26
-24
-23
-22
-22
-22
-23
-23
-23
-24
-25
-27
-29
-30
-31
-32
-33
-35
-37
-39
-41
-41
-42
-43
-45
-46
-48
-48
-47
-44
-41
-38
-36
-33
-30
-27
-25
-23
-22
-21
-20
-18
-17
-15
-13
-11
-9
-6
-2
1
7
13
20
27
35
38
39
41
42
43
40
34
25
12
0
-6
0
20
74
163
290
453
644
839
1000
1089
1069
926
678
371
77
-145
-268
-290
-244
-180
-128
-91
-68
-53
-44
-39
-36
-33
-31
-29
-26
-24
-22
-19
-16
-12
-9
-6
-3
0
2
5
8
11
14
18
21
24
27
29
32
34
36
38
39
40
42
43
45
46
48
50
51
53
55
57
60
63
67
74
80
84
86
88
89
90
92
93
94
96
97
97
97
97
96
96
95
94
92
91
90
88
87
85
80
75
69
63
55
47
40
33
28
23
18
12
6
0
-4
-10
-15
-19
-25
-32
-43
-50
-54
-57
-59
-61
-62
-62
-62
-62
-60
-58
-55
-52
-48
-44
-39
-33
-29
-25
-22
-19
-18
-17
-16
-16
-15
-14
-14
-14
-14
-14
-15
-15
-14
-14
-14
-13
-13
-13
-12
-10
-7
-4
11
68
159
288
449
626
789
880
880
783
558
264
-29
-253
-353
-362
-310
-226
-163
-142
-135
-127
-119
-113
-109
-105
-101
-98
-95
-93
-91
-88
-83
-74
-64
-60
-58
-56
-54
-53
-51
-49
-48
-47
-46
-45
-44
-43
-42
-40
-39
-37
-34
-31
-28
-25
-21
-17
-11
-2
4
10
18
27
36
44
51
58
65
71
76
82
88
94
101
108
112
114
115
116
118
119
119
117
113
108
103
97
92
87
82
75
66
56
44
29
15
1
-12
-26
-37
-44
-48
-50
-51
-51
-52
-52
-52
-52
-52
-52
-52
-52
-52
-52
-52
-52
-52
-52
-52
-52
-52
-52
-53
-53
-54
-54
-55
-55
-55
-55
-55
-55
-54
-54
-53
-52
-51
-50
-48
-47
-45
-41
-32
-22
-12
-3
6
10
14
16
19
20
21
21
22
22
22
22
21
20
19
18
16
14
12
10
7
4
2
-1
-8
-22
-34
-42
-36
-19
31
118
246
411
596
774
908
959
899
719
454
159
-92
-253
-307
-273
-202
-145
-132
-128
-125
-120
-114
-104
-87
-73
-63
-55
-51
-50
-49
-48
-47
-45
-44
-43
-42
-40
-39
-38
-36
-35
-33
-31
-28
-21
-15
-10
-7
-5
-4
-2
-1
0
1
3
4
6
8
10
13
17
23
29
34
40
47
54
58
60
62
63
64
65
65
66
65
65
64
62
60
58
55
52
47
42
37
32
27
21
15
7
-1
-11
-18
-25
-30
-36
-43
-50
-56
-59
-61
-63
-63
-64
-65
-65
-66
-66
-67
-67
-67
-66
-64
-63
-61
-59
-56
-53
-48
-41
-32
-28
-25
-23
-20
-18
-16
-15
-14
-13
-13
-12
-11
-11
-10
-10
-10
-9
-8
-8
-8
-8
-8
-8
-9
-10
-11
-13
-15
-18
-21
-25
-34
-34
-24
5
65
160
290
454
640
818
952
992
910
702
412
105
-145
-288
-322
-274
-198
-134
-101
-89
-82
-76
-72
-69
-66
-64
-62
-59
-56
-54
-51
-49
-47
-44
-42
-39
-37
-36
-33
-31
-29
-26
-23
-19
-15
-10
-5
0
6
10
14
20
28
34
38
41
44
48
51
55
59
64
69
74
80
86
95
102
112
124
132
136
139
141
142
141
139
136
132
128
124
119
115
110
104
96
86
73
60
48
37
25
12
2
-2
-5
-9
-13
-16
-21
-28
-35
-41
-46
-53
-60
-65
-68
-70
-72
-74
-76
-76
-76
-76
-74
-73
-71
-68
-65
-62
-57
-52
-46
-40
-36
-32
-29
-26
-23
-20
-18
-15
-12
-8
-2
3
8
11
14
16
18
18
17
14
12
10
8
7
5
3
1
0
-3
-5
-7
-10
-12
-14
-17
-20
-23
-26
-28
-29
-27
-25
-22
-19
-17
-14
-11
-8
-5
-2
0
3
6
8
10
13
15
17
18
19
20
21
21
22
22
22
23
24
25
27
26
21
13
5
-5
-6
0
17
74
169
305
476
671
865
1009
1061
988
794
508
197
-69
-238
-286
-285
-230
-170
-134
-114
-100
-87
-78
-73
-70
-68
-66
-64
-63
-61
-58
-56
-52
-48
-42
-36
-30
-23
-13
-5
6
18
23
24
26
27
28
29
29
30
31
32
33
34
35
36
37
38
40
42
44
49
53
57
61
65
69
73
76
78
79
80
82
83
84
83
80
77
76
75
74
73
72
71
69
68
67
66
65
64
63
62
61
59
57
53
43
34
22
7
-2
-9
-16
-22
-28
-32
-36
-39
-41
-44
-47
-51
-56
-60
-63
-65
-66
-68
-69
-70
-71
-73
-74
-76
-77
-79
-82
-87
-95
-90
-76
-34
41
156
314
502
702
872
954
949
844
633
378
141
-27
-102
-113
-98
-81
-76
-83
-92
-99
-91
-85
-80
-77
-75
-78
-84
-90
-94
-98
-101
-104
-106
-108
-107
-106
-104
-101
-97
-93
-87
-81
-76
-72
-70
-68
-66
-64
-61
-59
-57
-54
-51
-47
-40
-34
-29
-23
-16
-6
1
8
15
21
27
35
43
49
53
57
61
64
67
70
72
74
74
72
69
64
58
49
38
29
21
14
9
4
0
-4
-7
-10
-13
-16
-20
-25
-32
-37
-42
-46
-49
-49
-50
-50
-50
-51
-52
-52
-49
-44
-37
-29
-20
-12
-5
-1
0
0
1
1
1
2
2
2
2
1
0
-3
-6
-10
-15
-23
-30
-37
-42
-45
-48
-51
-53
-55
-57
-58
-59
-60
-61
-63
-64
-65
-67
-68
-69
-71
-73
-75
-78
-84
-92
-84
-61
-6
87
221
392
589
785
936
998
933
747
466
154
-113
-285
-346
-314
-237
-161
-107
-75
-58
-46
-37
-36
-35
-34
-34
-33
-32
-31
-30
-30
-29
-29
-29
-30
-30
-30
-30
-30
-30
-29
-29
-28
-27
-27
-26
-26
-25
-24
-22
-20
-16
-6
2
14
28
40
53
64
73
81
89
95
100
103
106
108
110
111
111
110
107
103
99
94
86
83
82
81
80
79
79
78
77
76
74
71
67
59
46
33
19
5
-8
-18
-24
-28
-30
-31
-32
-33
-34
-35
-35
-34
-31
-28
-25
-23
-21
-19
-17
-15
-13
-11
-10
-9
-8
-7
-5
-3
0
0
1
1
0
-2
-4
-9
-15
-7
15
63
140
249
392
563
743
892
973
949
808
565
274
-2
-208
-300
-309
-265
-194
-136
-98
-79
-71
-66
-62
-58
-55
-52
-49
-46
-44
-43
-42
-41
-41
-40
-39
-38
-36
-35
-34
-33
-32
-32
-32
-32
-31
-30
-28
-26
-20
-15
-9
-3
4
12
20
28
36
42
46
49
54
59
64
67
69
71
72
74
76
77
79
79
80
80
79
78
77
76
75
73
71
69
67
63
54
46
38
29
20
8
-4
-16
-28
-39
-46
-53
-56
-58
-60
-61
-62
-63
-64
-64
-64
-63
-61
-59
-57
-54
-51
-48
-44
-39
-33
-28
-24
-20
-15
-10
-5
-2
1
3
4
6
8
9
10
11
11
11
10
9
8
6
3
0
-2
-5
-13
-19
-25
-30
-34
-37
-40
-44
-46
-48
-50
-51
-53
-54
-55
-56
-57
-57
-57
-57
-55
-53
-51
-48
-44
-38
-22
-11
-4
0
0
1
2
3
4
4
2
-2
-5
-7
-10
-13
-17
-21
-25
-29
-33
-37
-39
-42
-44
-45
-46
-46
-47
-47
-47
-48
-48
