342
408
475
542
601
626
634
636
628
615
605
596
589
584
579
576
572
569
567
566
564
564
564
563
562
561
560
559
558
557
556
554
551
548
544
540
533
517
498
482
469
457
444
423
399
383
373
383
414
474
556
660
789
936
1085
1217
1314
1352
1347
1285
1165
1011
838
655
476
316
184
84
17
-14
-36
-53
-68
-90
-114
-128
-137
-142
-141
-133
-118
-95
-62
-11
40
91
142
177
215
252
281
300
308
311
313
315
316
317
317
318
320
323
326
327
328
328
329
330
332
334
338
343
348
353
358
363
369
377
390
412
426
440
453
470
493
523
543
556
563
566
568
570
574
572
553
525
492
464
431
393
354
313
278
249
224
203
180
156
129
109
99
90
79
69
61
54
49
44
40
35
30
25
21
16
11
5
0
-3
-6
-8
-10
-13
-15
-18
-20
-21
-23
-26
-28
-30
-31
-33
-34
-35
-37
-39
-41
-45
-47
-49
-48
-46
-43
-41
-39
-37
-34
-31
-28
-25
-24
-23
-22
-23
-25
-29
-34
-40
-46
-52
-58
-68
-76
-81
-84
-86
-88
-90
-93
-94
-94
-93
-89
-85
-78
-65
-37
19
103
215
347
489
630
753
843
877
871
807
684
525
344
159
-15
-169
-294
-385
-447
-482
-498
-507
-514
-519
-521
-521
-520
-517
-513
-506
-481
-432
-375
-318
-261
-205
-149
-97
-49
-21
-2
6
14
22
30
35
40
43
46
49
53
57
61
64
68
73
81
94
105
115
123
129
135
141
149
157
167
182
205
224
241
259
279
296
311
323
332
339
345
350
352
349
340
327
304
270
240
210
184
166
149
128
100
76
59
43
22
-2
-26
-54
-67
-71
-75
-77
-80
-81
-82
-83
-84
-86
-89
-91
-93
-95
-97
-100
-104
-107
-111
-115
-122
-137
-146
-146
-146
-146
-146
-146
-145
-140
-134
-130
-126
-123
-120
-118
-117
-118
-123
-130
-137
-142
-146
-149
-152
-154
-156
-158
-160
-162
-164
-165
-167
-169
-170
-171
-172
-173
-174
-175
-176
-177
-178
-180
-182
-185
-189
-197
-204
-204
-196
-179
-130
-48
63
204
364
532
687
805
868
874
838
732
581
403
209
16
-161
-313
-432
-518
-579
-612
-636
-651
-659
-664
-668
-673
-676
-676
-666
-650
-624
-591
-548
-505
-458
-405
-350
-299
-268
-234
-201
-176
-157
-141
-128
-117
-105
-92
-80
-68
-60
-53
-48
-45
-43
-40
-38
-36
-34
-31
-28
-25
-21
-17
-12
-6
2
12
20
27
35
49
77
110
146
169
181
190
195
197
196
193
187
180
167
141
119
101
82
56
23
-11
-42
-69
-96
-117
-134
-153
-163
-169
-175
-179
-181
-182
-181
-177
-171
-165
-160
-156
-153
-149
-146
-142
-138
-133
-128
-124
-120
-116
-113
-108
-103
-95
-84
-71
-62
-53
-45
-35
-23
-15
-11
-9
-8
-6
-5
-3
-4
-9
-17
-26
-37
-52
-60
-53
-33
22
112
231
373
533
697
845
951
975
958
846
654
408
141
-114
-323
-465
-517
-535
-546
-546
-543
-538
-535
-533
-531
-528
-524
-519
-511
-500
-461
-413
-358
-301
-244
-192
-141
-109
-76
-42
-28
-23
-21
-19
-17
-16
-14
-12
-11
-9
-7
-5
-4
-3
-3
-3
-1
0
2
5
13
32
50
69
88
102
121
146
170
188
204
219
235
253
271
288
302
311
318
324
326
322
312
298
273
238
209
182
157
127
94
60
25
-5
-31
-57
-81
-108
-121
-127
-132
-136
-139
-140
-141
-140
-139
-136
-133
-128
-123
-118
-114
-111
-108
-106
-104
-101
-99
-97
-96
-94
-93
-92
-91
-91
-90
-89
-88
-87
-86
-86
-86
-85
-85
-83
-82
-81
-80
-76
-73
-73
-79
-87
-93
-99
-105
-108
-103
-94
-85
-80
-76
-73
-70
-68
-65
-62
-58
-55
-53
-52
-53
-54
-54
-54
-52
-47
-23
21
87
175
291
432
588
747
891
1002
1045
1036
948
774
544
288
50
-140
-282
-378
-431
-448
-461
-471
-482
-493
-499
-503
-508
-512
-514
-507
-492
-469
-440
-396
-349
-296
-238
-183
-134
-85
-54
-37
-30
-25
-21
-16
-12
-7
-3
1
5
10
16
25
34
43
51
59
67
75
82
89
95
100
106
114
123
132
140
147
156
165
178
193
210
230
246
260
272
281
287
293
300
303
297
284
263
237
215
188
158
128
97
68
46
29
11
-3
-16
-26
-35
-42
-49
-56
-63
-70
-77
-83
-89
-95
-102
-107
-110
-113
-116
-118
-120
-122
-124
-125
-127
-128
-129
-130
-131
-131
-132
-131
-130
-129
-128
-126
-124
-120
-117
-114
-110
-106
-99
-83
-74
-70
-68
-65
-62
-60
-59
-58
-58
-58
-59
-61
-64
-69
-74
-79
-83
-88
-96
-104
-108
-108
-108
-107
-107
-106
-107
-107
-107
-107
-106
-106
-106
-106
-105
-102
-99
-96
-93
-90
-87
-84
-76
-69
-62
-58
-54
-51
-48
-45
-44
-44
-44
-45
-46
-47
-48
-51
-52
-49
-47
-44
-42
-46
-55
-63
-72
-76
-77
-79
-82
-81
-74
-68
-63
-59
-56
-55
-54
-52
-50
-47
-46
-49
-56
-64
-74
-87
-89
-82
-67
-11
74
187
325
483
654
820
959
1043
1054
1022
899
706
466
210
-28
-221
-351
-424
-464
-486
-508
-528
-545
-557
-568
-577
-585
-589
-585
-576
-548
-511
-466
-417
-363
-307
-253
-199
-149
-106
-72
-52
-31
-8
6
14
20
26
32
38
45
54
62
69
74
77
79
81
82
84
87
89
92
95
98
102
107
116
134
144
158
177
194
207
220
237
260
281
296
309
319
326
332
334
333
329
323
313
295
276
258
226
190
168
131
95
69
39
8
-12
-25
-34
-39
-43
-47
-51
-54
-56
-54
-46
-34
2
58
135
238
365
511
660
790
877
888
858
728
521
256
-28
-282
-473
-597
-655
-676
-676
-661
-645
-628
-629
-646
-664
-681
-683
-674
-650
-592
-517
-432
-347
-266
-194
-134
-85
-40
-10
9
18
25
32
38
43
48
53
57
62
66
71
76
82
89
95
101
108
114
120
124
127
129
131
132
133
135
137
139
141
145
150
158
166
178
189
198
214
239
260
273
280
283
287
291
293
288
276
257
231
208
180
144
110
77
51
30
10
-10
-30
-50
-67
-82
-98
-115
-134
-150
-163
-177
-185
-189
-193
-196
-197
-198
-196
-192
-186
-180
-174
-169
-164
-159
-154
-151
-149
-148
-149
-149
-150
-151
-152
-154
-156
-158
-159
-160
-161
-161
-160
-159
-158
-157
-157
-156
-156
-156
-157
-157
-158
-158
-158
-158
-157
-155
-153
-151
-147
-143
-138
-128
-122
-119
-116
-114
-112
-111
-110
-109
-111
-112
-115
-117
-120
-122
-125
-126
-127
-125
-121
-116
-112
-109
-107
-106
-104
-103
-103
-102
-102
-101
-100
-99
-98
-98
-99
-99
-99
-100
-100
-101
-100
-98
-92
-79
-57
-11
59
158
286
440
613
791
955
1079
1114
1101
1000
816
578
321
80
-119
-266
-367
-436
-484
-517
-526
-532
-538
-545
-551
-558
-568
-573
-571
-562
-538
-497
-448
-392
-331
-269
-209
-157
-114
-81
-59
-43
-35
-29
-24
-20
-17
-10
5
20
27
33
38
43
45
47
48
49
49
50
50
52
53
54
55
57
58
61
65
70
80
100
133
171
209
230
245
254
261
267
272
276
278
274
266
256
243
232
202
170
135
102
82
63
43
23
3
-13
-32
-53
-75
-99
-122
-131
-135
-138
-141
-144
-145
-146
-146
-145
-143
-140
-136
-132
-129
-126
-124
-122
-121
-121
-120
-119
-118
-117
-116
-114
-112
-112
-111
-111
-111
-110
-110
-109
-108
-107
-105
-103
-101
-99
-99
-102
-106
-112
-118
-123
-128
-134
-139
-141
-140
-136
-130
-124
-117
-107
-98
-90
-82
-78
-75
-72
-70
-67
-65
-63
-61
-59
-58
-57
-57
-57
-57
-57
-57
-57
-56
-56
-56
-57
-57
-59
-60
-62
-64
-66
-68
-69
-70
-70
-72
-78
-77
-66
-53
-41
-36
-32
-27
-26
-30
-41
-57
-77
-93
-102
-85
-34
46
153
282
432
596
759
898
990
1004
989
893
739
537
297
61
-136
-276
-367
-424
-453
-481
-509
-534
-550
-555
-559
-562
-562
-551
-523
-487
-445
-398
-349
-300
-253
-208
-167
-129
-104
-75
-48
-22
0
7
11
14
16
20
23
27
29
33
38
48
75
93
101
107
111
115
120
124
127
130
133
138
149
175
200
217
228
239
252
269
292
318
335
348
367
381
393
401
401
395
385
370
345
317
289
261
234
207
184
151
118
83
65
51
40
27
11
-10
-26
-36
-45
-55
-62
-70
-75
-78
-77
-74
-70
-68
-66
-64
-61
-57
-53
-47
-39
-8
45
121
223
348
492
646
792
910
970
971
919
777
567
308
34
-223
-437
-589
-669
-697
-690
-667
-632
-619
-621
-636
-651
-666
-667
-656
-628
-569
-496
-418
-338
-260
-190
-134
-95
-71
-58
-52
-49
-46
-43
-39
-35
-30
-26
-21
-15
-7
0
6
11
15
18
21
23
27
31
34
38
42
48
61
87
104
113
121
130
140
151
162
171
178
185
198
220
237
247
254
254
249
241
231
218
203
183
157
129
103
78
53
28
4
-19
-39
-57
-77
-99
-120
-135
-147
-159
-170
-181
-185
-187
-189
-190
-189
-185
-178
-170
-160
-149
-144
-141
-138
-136
-134
-133
-133
-134
-135
-136
-138
-140
-143
-146
-150
-154
-161
-164
-161
-149
-117
-59
23
135
272
430
599
760
891
958
961
904
755
536
269
-7
-256
-442
-557
-593
-603
-609
-614
-621
-626
-630
-636
-652
-671
-683
-690
-680
-651
-602
-542
-471
-396
-322
-257
-203
-160
-122
-85
-62
-44
-32
-22
-14
-10
-9
-9
-8
-7
-5
-2
0
1
3
5
9
14
19
35
63
79
90
101
111
123
137
145
152
159
168
181
199
225
251
278
293
303
309
311
309
304
297
286
263
237
215
184
147
102
58
17
-6
-32
-56
-80
-95
-99
-102
-105
-107
-109
-109
-107
-105
-102
-99
-95
-90
-84
-78
-71
-64
-56
-47
-42
-40
-39
-37
-36
-36
-38
-45
-54
-61
-70
-77
-83
-88
-92
-96
-99
-103
-106
-108
-108
-106
-102
-95
-75
-19
64
178
322
492
674
850
994
1070
1074
1011
846
619
366
124
-82
-241
-356
-435
-486
-515
-523
-528
-533
-539
-545
-552
-566
-583
-579
-563
-522
-477
-429
-376
-319
-263
-211
-169
-136
-103
-65
-27
-6
8
18
26
33
35
36
37
38
39
41
42
43
44
45
46
46
47
49
52
61
78
95
113
127
135
143
150
156
168
184
194
200
205
210
214
218
222
226
228
226
221
214
202
180
154
133
104
77
48
16
-16
-45
-62
-78
-92
-103
-115
-126
-133
-137
-139
-140
-141
-142
-142
-143
-144
-144
-144
-144
-143
-142
-141
-139
-138
-137
-135
-132
-129
-125
-118
-111
-105
-100
-97
-95
-93
-92
-92
-91
-90
-90
-90
-90
-90
-90
-91
-92
-92
-92
-92
-92
-91
-90
-88
-87
-86
-84
-79
-79
-89
-97
-104
-110
-114
-118
-126
-136
-143
-149
-139
-129
-122
-115
-111
-106
-99
-86
-68
-59
-56
-53
-54
-62
-68
-73
-78
-81
-84
-88
-92
-96
-101
-107
-117
-133
-152
-165
-172
-176
-165
-130
-68
18
131
267
420
581
737
869
956
981
928
791
582
328
72
-144
-311
-425
-499
-538
-552
-556
-559
-562
-565
-568
-581
-608
-630
-637
-631
-613
-574
-527
-476
-418
-355
-294
-239
-196
-165
-141
-126
-107
-98
-97
-96
-95
-94
-93
-91
-90
-87
-83
-76
-69
-59
-46
-32
-18
-9
-5
-2
0
2
5
7
9
13
19
25
31
41
54
79
105
121
140
155
175
195
212
218
221
223
223
219
214
200
177
149
119
92
68
53
26
-2
-30
-47
-61
-72
-85
-102
-119
-132
-140
-132
-108
-58
19
128
270
438
616
781
905
960
923
790
573
304
29
-219
-423
-581
-694
-766
-791
-791
-764
-721
-690
-681
-676
-671
-667
-661
-640
-592
-531
-463
-392
-321
-252
-187
-132
-85
-50
-24
-6
3
7
10
12
14
15
16
17
18
20
21
22
24
27
29
32
36
40
46
55
62
67
69
72
75
78
80
83
87
93
103
112
123
137
159
185
202
220
236
248
257
268
276
283
287
284
277
269
258
246
230
211
183
152
120
94
70
46
23
1
-20
-44
-61
-79
-94
-113
-135
-158
-167
-167
-160
-139
-86
-5
103
243
408
588
763
908
995
1004
958
805
581
320
58
-172
-351
-474
-553
-601
-619
-626
-619
-597
-575
-569
-579
-597
-607
-610
-604
-567
-518
-459
-398
-335
-274
-217
-169
-128
-93
-62
-34
-11
-2
4
8
10
12
14
17
20
24
29
37
45
50
55
60
65
70
76
84
90
96
103
109
118
131
146
160
175
188
200
214
228
244
257
265
269
267
262
254
240
225
210
186
160
132
106
81
55
29
4
-17
-28
-39
-52
-67
-84
-97
-105
-111
-116
-124
-139
-150
-156
-162
-167
-170
-172
-173
-174
-178
-180
-180
-176
-170
-163
-152
-143
-137
-131
-124
-120
-116
-113
-109
-105
-101
-98
-95
-92
-88
-85
-85
-88
-92
-96
-99
-101
-104
-108
-111
-114
-116
-118
-121
-122
-122
-122
-124
-125
-126
-128
-129
-130
-129
-127
-126
-124
-122
-120
-118
-117
-115
-110
-105
-101
-96
-92
-86
-81
-76
-66
-51
-34
-23
-19
-16
-14
-12
-12
-13
-15
-20
-25
-32
-44
-52
-59
-65
-73
-78
-83
-86
-88
-87
-83
-78
-74
-71
-67
-63
-58
-53
-48
-43
-39
-34
-31
-29
-27
-26
-23
-24
-33
-38
-42
-46
-50
-54
-57
-59
-62
-65
-68
-70
-72
-75
-78
-83
-88
-94
-99
-103
-107
-114
-122
-126
-129
-132
-119
-80
-12
86
215
371
551
739
917
1062
1135
1138
1069
904
679
425
179
-30
-182
-284
-350
-395
-425
-439
-448
-455
-463
-480
-513
-550
-570
-577
-566
-536
-489
-435
-377
-317
-258
-205
-158
-118
-82
-52
-25
-1
13
28
42
47
48
48
50
52
53
55
56
57
58
59
62
67
80
91
99
108
117
128
139
145
149
155
162
169
178
188
193
199
208
223
249
278
307
326
344
362
375
382
386
384
379
362
338
310
280
246
211
178
145
112
77
45
15
-2
-18
-29
-35
-38
-39
-40
-43
-46
-51
-55
-58
-61
-64
-68
-73
-75
-75
-72
-67
-61
-56
-51
-45
-39
-35
-33
-32
-32
-31
-32
-34
-37
-41
-44
-48
-52
-56
-59
-62
-63
-63
-63
-62
-63
-64
-66
-69
-73
-76
-80
-85
-89
-95
-104
-109
-105
-92
-56
14
119
256
417
593
773
939
1066
1128
1103
987
790
538
267
13
-194
-339
-431
-488
-521
-540
-559
-574
-593
-619
-647
-658
-665
-663
-639
-601
-553
-500
-437
-369
-302
-240
-185
-143
-112
-91
-76
-67
-61
-56
-51
-47
-42
-36
-28
-20
-13
-5
1
9
19
27
37
51
59
64
67
71
75
79
84
94
110
123
134
145
162
180
198
216
231
242
252
261
268
270
271
272
273
271
259
241
221
193
166
135
100
67
39
18
-6
-30
-54
-74
-91
-107
-117
-125
-131
-133
-135
-137
-139
-141
-141
-141
-141
-141
-140
-140
-140
-141
-141
-141
-141
-140
-138
-135
-132
-128
-124
-118
-105
-95
-80
-66
-59
-55
-51
-49
-47
-46
-46
-46
-49
-52
-55
-58
-65
-79
-90
-96
-100
-103
-107
-110
-112
-114
-116
-118
-121
-123
-126
-128
-131
-134
-138
-139
-137
-132
-127
-117
-102
-92
-83
-75
-70
-67
-65
-63
-61
-60
-58
-57
-55
-54
-52
-50
-48
-45
-43
-42
-43
-44
-46
-49
-52
-57
-64
-72
-84
-100
-112
-120
-126
-132
-140
-148
-150
-152
-154
-153
-145
-134
-120
-107
-95
-75
-54
-39
-30
-24
-21
-18
-18
-20
-23
-27
-32
-41
-48
-56
-69
-81
-87
-81
-65
-18
54
155
288
443
614
785
930
1025
1051
997
859
647
394
129
-113
-306
-435
-505
-535
-545
-550
-554
-556
-560
-565
-573
-580
-587
-587
-581
-565
-532
-490
-438
-377
-312
-250
-195
-149
-111
-79
-52
-38
-28
-20
-11
-5
0
1
0
-4
-9
-13
-17
-21
-23
-24
-23
-20
-15
0
24
39
56
72
87
103
113
118
121
125
127
130
135
144
156
169
182
195
220
243
267
279
286
291
294
296
294
290
282
261
235
206
171
132
92
58
29
8
-15
-36
-49
-56
-62
-67
-72
-76
-79
-82
-85
-88
-91
-94
-95
-97
-99
-100
-101
-102
-103
-105
-105
-106
-106
-108
-109
-111
-112
-113
-115
-103
-70
-13
71
186
329
492
660
807
908
936
875
723
499
235
-29
-255
-426
-541
-611
-652
-665
-669
-671
-664
-655
-648
-648
-651
-656
-650
-611
-552
-477
-396
-315
-242
-181
-133
-95
-61
-41
-32
-29
-27
-26
-25
-24
-24
-22
-20
-19
-19
-18
-18
-17
-15
-13
-9
-2
7
17
30
43
53
61
68
76
84
98
117
133
144
151
161
177
197
217
238
258
274
285
291
297
302
301
292
268
236
202
171
140
122
92
67
38
19
-2
-21
-48
-75
-102
-127
-149
-163
-176
-186
-191
-196
-200
-194
-177
-144
-91
-15
87
217
368
524
667
775
825
799
685
491
240
-30
-283
-489
-631
-710
-726
-724
-697
-669
-643
-634
-630
-628
-633
-641
-641
-624
-590
-540
-482
-419
-352
-286
-227
-179
-143
-116
-100
-85
-70
-57
-49
-42
-34
-23
-10
0
6
9
11
13
14
15
16
17
18
20
23
29
43
60
74
87
101
116
131
157
183
206
218
229
243
259
274
284
290
294
294
291
286
272
249
218
183
148
114
84
56
29
4
-17
-33
-52
-70
-89
-107
-125
-141
-150
-155
-159
-163
-165
-165
-163
-159
-152
-132
-78
2
113
257
429
611
781
908
967
943
838
658
425
165
-81
-290
-447
-557
-626
-653
-663
-656
-642
-631
-623
-624
-646
-678
-688
-683
-668
-622
-566
-505
-441
-374
-311
-254
-207
-170
-141
-117
-94
-79
-70
-65
-61
-57
-54
-50
-42
-29
-18
-11
-1
4
7
9
12
15
18
20
22
26
32
46
60
73
94
119
134
144
151
159
166
176
190
200
206
210
212
211
209
205
195
171
141
111
83
55
25
-3
-31
-57
-80
-93
-108
-122
-130
-134
-137
-140
-141
-142
-142
-141
-139
-135
-131
-127
-123
-117
-112
-110
-110
-109
-108
-106
-105
-107
-112
-116
-121
-121
-113
-107
-100
-95
-91
-89
-86
-84
-82
-81
-80
-81
-83
-87
-93
-98
-105
-116
-122
-126
-129
-131
-130
-127
-122
-115
-105
-101
-99
-97
-97
-98
-102
-108
-113
-118
-123
-124
-122
-118
-111
-99
-85
-71
-60
-51
-44
-39
-34
-35
-41
-50
-63
-77
-90
-100
-107
-101
-82
-31
48
155
288
445
621
798
952
1061
1106
1071
949
747
485
210
-44
-251
-397
-499
-567
-600
-612
-616
-618
-622
-629
-637
-646
-647
-639
-616
-580
-538
-489
-434
-374
-310
-248
-191
-139
-92
-54
-24
-2
10
18
23
26
30
33
36
38
41
44
46
48
49
48
46
43
39
36
34
30
27
27
30
35
42
53
70
92
116
143
172
199
223
240
257
274
293
307
315
320
323
321
315
304
289
276
261
235
204
170
136
101
63
23
-15
-49
-77
-86
-95
-104
-110
-116
-118
-114
-109
-106
-104
-103
-102
-102
-101
-100
-99
-97
-94
-92
-90
-90
-91
-88
-79
-72
-53
-22
31
113
225
364
522
690
849
970
1022
984
855
651
385
95
-174
-397
-553
-641
-666
-675
-676
-674
-671
-668
-667
-676
-687
-698
-688
-658
-602
-529
-450
-372
-299
-237
-185
-144
-113
-84
-67
-49
-32
-17
-3
2
5
8
10
10
9
7
4
2
0
-5
-4
6
13
19
24
28
32
35
39
44
50
59
67
79
96
116
138
159
173
184
194
202
209
215
221
228
228
219
206
189
173
156
128
96
63
28
-4
-35
-64
-91
-118
-135
-151
-164
-170
-175
-179
-178
-171
-166
-163
-160
-158
-155
-151
-146
-140
-131
-118
-109
-103
-98
-94
-90
-88
-87
-85
-83
-82
-83
-83
-83
-83
-82
-82
-81
-81
-82
-83
-83
-84
-86
-90
-96
-114
-136
-158
-181
-196
-206
-203
-178
-120
-30
91
246
423
609
788
937
1033
1059
1008
882
683
429
155
-96
-306
-448
-523
-547
-558
-564
-576
-604
-634
-659
-683
-692
-692
-685
-667
-632
-589
-541
-494
-446
-396
-346
-297
-251
-209
-172
-140
-112
-87
-73
-65
-60
-56
-53
-49
-44
-37
-25
-15
-2
14
26
34
40
47
51
54
55
58
63
67
72
76
81
85
87
91
96
107
122
137
149
158
168
174
178
182
183
180
175
163
145
127
111
85
60
44
26
9
-15
-44
-74
-103
-119
-131
-140
-148
-154
-159
-162
-159
-153
-149
-145
-140
-136
-134
-133
-135
-136
-138
-139
-139
-140
-142
-145
-146
-148
-150
-152
-154
-154
-153
-149
-132
-90
-23
75
205
362
534
705
853
953
982
924
775
550
287
25
-197
-364
-476
-523
-538
-547
-553
-559
-584
-615
-652
-680
-690
-688
-679
-654
-611
-554
-485
-412
-337
-266
-200
-145
-103
-72
-54
-38
-24
-17
-13
-8
-4
0
7
15
19
21
24
25
26
29
31
34
35
36
37
39
42
46
52
57
62
67
71
77
87
102
126
149
174
199
222
236
252
263
268
274
277
276
270
253
227
198
171
146
121
94
59
21
-14
-42
-54
-61
-68
-79
-89
-93
-98
-104
-108
-111
-116
-124
-129
-133
-135
-137
-138
-138
-136
-133
-128
-122
-115
-105
-99
-94
-91
-89
-88
-86
-74
-51
-5
69
176
312
471
641
803
934
992
987
898
711
471
212
-30
-230
-379
-477
-532
-547
-551
-553
-557
-560
-568
-591
-616
-625
-631
-628
-601
-552
-488
-418
-346
-276
-213
-156
-106
-68
-43
-28
-15
-1
9
15
20
24
28
33
46
57
63
68
72
75
77
79
82
85
88
91
94
96
98
102
106
110
113
117
121
129
137
157
180
207
235
262
276
285
291
294
291
285
266
240
208
172
136
105
77
52
26
0
-24
-47
-61
-72
-79
-81
-81
-81
-82
-82
-79
-78
-76
-72
-68
-64
-63
-62
-62
-63
-64
-67
-71
-75
-77
-82
-95
-108
-118
-124
-126
-128
-129
-127
-118
-113
-111
-108
-105
-102
-100
-98
-96
-93
-91
-89
-89
-90
-90
-89
-87
-84
-82
-81
-80
-79
-78
-76
-74
-72
-67
-55
-44
-37
-31
-28
-24
-20
-15
-11
-9
-11
-14
-19
-25
-33
-41
-47
-55
-62
-63
-64
-65
-66
-67
-66
-66
-67
-68
-67
-66
-65
-66
-68
-71
-75
-79
-83
-87
-92
-86
-67
-29
33
128
256
413
588
770
939
1073
1138
1139
1070
900
661
393
135
-81
-238
-344
-418
-466
-496
-510
-518
-522
-527
-534
-543
-553
-566
-567
-562
-548
-517
-475
-420
-358
-297
-240
-191
-148
-109
-76
-48
-37
-31
-27
-21
-14
-6
2
11
16
22
29
41
50
56
61
66
69
70
72
74
77
81
85
90
99
113
126
140
155
167
178
192
208
226
245
264
284
301
317
332
341
346
344
333
305
271
235
201
168
136
106
77
48
31
15
3
-11
-32
-44
-51
-55
-56
-59
-63
-66
-70
-72
-73
-75
-79
-83
-90
-98
-105
-105
-100
-96
-91
-87
-87
-87
-88
-90
-91
-88
-81
-74
-66
-60
-54
-49
-48
-55
-67
-82
-95
-108
-116
-121
-124
-126
-126
-123
-118
-112
-105
-96
-90
-86
-82
-76
-72
-68
-65
-65
-70
-73
-75
-78
-80
-79
-77
-74
-69
-60
-48
-42
-39
-37
-34
-33
-32
-32
-33
-34
-36
-40
-44
-50
-59
-73
-84
-90
-80
-50
13
107
234
392
572
760
933
1067
1128
1126
1050
874
628
346
74
-156
-326
-437
-497
-526
-543
-563
-578
-589
-596
-606
-616
-624
-625
-622
-613
-584
-544
-495
-439
-377
-313
-252
-197
-150
-109
-76
-48
-22
-9
-3
0
1
2
2
2
1
0
-1
-3
-5
-7
-10
-13
-10
-3
5
15
22
38
62
89
103
110
115
120
124
129
146
169
196
210
231
253
279
306
328
336
337
333
321
297
282
266
251
229
200
164
123
87
61
38
11
-17
-46
-67
-71
-74
-77
-78
-79
-79
-81
-82
-84
-86
-87
-89
-92
-95
-101
-106
-111
-114
-117
-120
-124
-126
-127
-127
-126
-123
-120
-116
-111
-108
-105
-101
-97
-95
-94
-97
-100
-104
-107
-111
-115
-118
-118
-115
-110
-105
-101
-96
-92
-87
-84
-81
-79
-77
-76
-74
-73
-72
-71
-70
-70
-70
-70
-71
-72
-73
-75
-76
-77
-79
-80
-83
-88
-88
-81
-62
-31
20
100
211
349
507
675
838
974
1053
1057
1000
843
625
378
132
-83
-253
-374
-457
-497
-508
-514
-519
-525
-530
-534
-539
-548
-560
-562
-554
-531
-486
-433
-376
-316
-253
-191
-135
-89
-57
-39
-28
-21
-17
-17
-19
-22
-24
-26
-28
-29
-29
-26
-21
-15
-6
7
17
24
29
33
38
41
45
53
67
82
100
119
140
161
180
196
214
233
253
273
293
312
328
337
343
345
343
336
317
281
242
205
171
140
109
91
61
32
4
-10
-20
-26
-33
-40
-45
-50
-54
-57
-60
-62
-67
-73
-81
-84
-86
-87
-88
-89
-90
-91
-93
-95
-97
-99
-101
-104
-106
-109
-113
-118
-122
-123
-124
-124
-125
-125
-127
-118
-110
-106
-102
-99
-96
-94
-92
-88
-83
-75
-65
-57
-51
-46
-41
-36
-30
-22
-14
-10
-6
-3
-2
-2
-5
-11
-18
-31
-49
-57
-62
-66
-69
-71
-72
-74
-76
-78
-79
-79
-79
-77
-73
-68
-49
-7
59
153
275
424
594
769
924
1029
1061
1006
868
658
414
164
-58
-244
-371
-446
-488
-513
-522
-527
-533
-542
-557
-574
-581
-581
-574
-556
-531
-498
-458
-411
-360
-308
-255
-203
-153
-110
-74
-45
-20
-6
3
10
14
17
18
18
19
19
20
21
21
22
23
24
26
27
29
31
34
41
57
72
86
98
111
121
127
133
140
150
163
177
191
205
221
241
258
269
277
280
277
270
259
245
224
198
169
142
127
102
70
33
0
-27
-42
-57
-73
-90
-103
-108
-111
-113
-115
-117
-121
-124
-127
-129
-131
-133
-135
-136
-137
-137
-138
-138
-139
-138
-138
-136
-134
-132
-129
-124
-111
-102
-96
-92
-90
-89
-89
-87
-85
-86
-95
-101
-106
-110
-113
-115
-116
-118
-123
-122
-101
-70
-28
30
113
226
363
515
668
806
909
956
926
805
603
348
81
-156
-347
-475
-544
-572
-588
-604
-619
-632
-641
-651
-664
-682
-702
-713
-708
-691
-644
-583
-511
-435
-361
-290
-225
-171
-125
-85
-50
-38
-35
-34
-33
-32
-31
-29
-27
-25
-21
-17
-6
10
21
28
34
39
46
54
63
74
89
99
104
107
110
114
117
120
126
134
143
155
170
195
222
249
260
266
270
272
273
270
266
252
228
196
163
134
106
76
44
9
-26
-56
-71
-80
-85
-90
-95
-98
-101
-104
-107
-110
-114
-123
-133
-137
-140
-142
-138
-127
-96
-38
50
165
302
453
610
759
876
933
904
779
566
292
-2
-274
-491
-636
-713
-730
-729
-707
-680
-668
-658
-660
-674
-681
-677
-664
-627
-578
-520
-456
-390
-324
-259
-199
-148
-107
-75
-48
-33
-22
-14
-11
-9
-9
-8
-7
-7
-6
-5
-4
-3
-1
0
2
4
9
17
24
30
37
45
56
73
87
95
103
109
119
136
157
174
187
196
204
223
249
278
286
290
286
272
263
257
249
238
213
178
141
108
82
69
50
29
0
-30
-59
-72
-83
-94
-107
-123
-143
-154
-159
-163
-157
-153
-152
-151
-150
-149
-149
-148
-147
-146
-145
-144
-143
-142
-142
-141
-140
-139
-137
-135
-130
-120
-107
-99
-93
-89
-85
-83
-82
-83
-85
-87
-91
-94
-96
-99
-102
-104
-106
-106
-106
-105
-104
-104
-103
-100
-96
-93
-97
-104
-111
-118
-121
-118
-113
-99
-53
20
129
270
435
615
792
945
1049
1084
1036
900
686
426
157
-82
-261
-368
-426
-465
-502
-537
-569
-593
-608
-626
-640
-648
-653
-644
-616
-571
-518
-462
-406
-353
-302
-253
-204
-158
-121
-90
-61
-33
-19
-12
-9
-6
-5
-2
0
2
5
8
11
15
18
22
27
33
41
47
51
55
61
71
87
103
114
121
127
131
145
168
190
204
219
233
254
277
303
313
319
323
317
305
293
272
244
212
178
146
116
89
74
63
57
51
46
29
4
-22
-48
-73
-88
-106
-121
-133
-141
-136
-123
-101
-89
-80
-74
-70
-68
-66
-64
-61
-60
-62
-65
-68
-71
-73
-75
-76
-78
-79
-80
-80
-80
-79
-78
-76
-73
-69
-68
-73
-77
-82
-84
-83
-80
-78
-77
-76
-75
-75
-74
-75
-76
-79
-83
-88
-80
-67
-53
-45
-40
-37
-35
-36
-39
-43
-50
-61
-67
-71
-73
-73
-71
-68
-66
-64
-63
-62
-61
-61
-61
-63
-66
-71
-80
-89
-92
-94
-93
-85
-78
-72
-65
-58
-54
-52
-51
-49
-48
-48
-48
-48
-47
-46
-44
-43
-43
-42
-42
-41
-40
-38
-37
-35
-30
-25
-22
-19
-15
-10
-18
-24
-27
-30
-33
-37
-41
-46
-56
-72
-81
-87
-91
-93
-94
-96
-97
-99
-101
-102
-103
-104
-106
-111
-109
-87
-37
42
153
294
462
648
835
998
1104
1129
1063
913
694
436
171
-60
-241
-371
-462
-527
-555
-565
-566
-563
-558
-560
-582
-609
-623
-628
-620
-596
-557
-507
-451
-393
-337
-282
-232
-187
-148
-114
-86
-69
-55
-45
-36
-30
-26
-23
-20
-17
-14
-10
-2
9
18
23
29
34
43
57
65
70
73
76
79
82
85
90
97
102
107
123
143
164
187
204
223
239
262
283
296
310
322
333
339
331
319
305
280
250
214
176
138
101
66
38
23
10
-4
-20
-34
-47
-62
-75
-85
-96
-110
-124
-135
-142
-134
-110
-73
-19
56
156
280
426
577
716
828
884
880
807
632
389
115
-149
-373
-538
-645
-684
-697
-690
-667
-635
-616
-609
-619
-633
-643
-636
-616
-564
-497
-424
-351
-285
-226
-176
-134
-99
-69
-49
-26
-6
13
31
45
56
65
73
79
86
93
101
109
114
116
116
117
118
119
120
122
124
127
130
133
141
158
175
187
198
206
212
217
221
226
229
234
239
245
251
255
260
269
286
298
306
310
311
307
302
292
277
254
218
176
132
91
57
30
14
-10
-35
-58
-71
-83
-92
-101
-106
-110
-112
-114
-115
-118
-120
-122
-124
-126
-129
-135
-151
-165
-175
-176
-170
-164
-159
-153
-148
-141
-132
-123
-118
-114
-111
-108
-107
-106
-105
-105
-106
-107
-109
-111
-113
-114
-116
-120
-124
-127
-131
-135
-138
-141
-145
-149
-153
-155
-158
-161
-163
-164
-163
-161
-158
-153
-145
-130
-114
-97
-81
-71
-66
-62
-59
-57
-57
-59
-63
-68
-71
-73
-75
-77
-79
-82
-85
-87
-89
-91
-93
-94
-96
-98
-101
-104
-107
-110
-113
-115
-115
-116
-116
-116
-116
-116
-117
-118
-118
-117
-113
-107
-99
-89
-80
-72
-65
-59
-54
-51
-49
-48
-46
-44
-42
-41
-40
-39
-38
-38
-37
-36
-34
-32
-30
-28
-26
-24
-22
-20
-19
-18
-16
-13
-12
-14
-19
-25
-30
-34
-38
-43
-46
-49
-51
-54
-56
-58
-59
-60
-61
-61
-61
-61
-61
-60
-60
-60
-60
-58
-60
-67
-75
-82
-74
-53
-3
74
186
330
502
689
870
1016
1096
1102
1055
910
698
446
192
-29
-196
-305
-377
-427
-459
-476
-487
-492
-497
-503
-510
-518
-529
-530
-519
-492
-451
-405
-353
-297
-237
-180
-128
-83
-46
-16
0
9
14
18
21
23
25
27
28
29
29
30
31
32
33
34
36
37
38
38
39
41
43
46
51
55
62
74
92
107
117
126
148
176
202
224
239
254
268
290
314
323
326
328
330
331
330
326
320
301
280
257
230
198
160
119
80
46
18
-4
-20
-29
-36
-41
-46
-51
-55
-59
-65
-69
-69
-68
-67
-66
-66
-66
-66
-67
-66
-66
-65
-63
-61
-59
-56
-55
-53
-51
-49
-48
-48
-49
-52
-55
-58
-66
-82
-90
-95
-98
-101
-103
-104
-106
-108
-109
-110
-112
-113
-117
-122
-111
-79
-14
78
197
341
506
677
832
947
996
961
839
644
403
150
-78
-259
-385
-465
-519
-555
-575
-606
-638
-676
-714
-746
-756
-749
-729
-678
-612
-536
-460
-385
-314
-250
-193
-146
-111
-83
-64
-50
-42
-36
-29
-23
-19
-15
-12
-10
-7
-5
-3
-1
0
1
4
6
9
12
16
21
25
30
36
41
46
52
66
85
97
107
118
133
152
183
212
241
259
271
278
282
284
282
277
268
254
233
212
191
169
148
115
79
44
17
0
-16
-33
-60
-87
-101
-109
-113
-116
-119
-122
-125
-127
-129
-131
-133
-136
-140
-144
-148
-153
-157
-156
-154
-150
-147
-144
-141
-136
-119
-101
-97
-94
-92
-89
-87
-85
-82
-68
-37
20
109
231
381
551
728
887
1000
1036
977
820
585
313
45
-182
-352
-457
-516
-539
-547
-542
-535
-529
-538
-565
-593
-605
-611
-615
-602
-565
-513
-448
-377
-305
-238
-178
-123
-79
-47
-24
-11
-2
3
5
6
7
7
6
6
6
6
6
7
7
8
9
10
12
14
17
23
34
44
56
73
92
111
131
151
171
187
211
236
252
269
284
290
295
297
299
299
297
294
288
271
246
219
191
162
128
89
50
16
-11
-37
-54
-71
-89
-108
-126
-141
-151
-152
-152
-153
-145
-138
-133
-129
-127
-124
-123
-120
-119
-118
-118
-120
-123
-126
-128
-131
-133
-135
-136
-136
-135
-133
-131
-128
-126
-125
-123
-122
-121
-119
-118
-116
-114
-112
-111
-109
-107
-104
-101
-92
-78
-72
-66
-65
-67
-67
-68
-69
-70
-70
-70
-70
-69
-68
-67
-65
-63
-67
-74
-77
-79
-81
-83
-85
-86
-87
-88
-88
-88
-88
-87
-87
-87
-87
-88
-89
-89
-90
-92
-94
-98
-100
-104
-111
-105
-88
-43
26
118
234
375
539
718
889
1024
1089
1091
1030
867
634
357
78
-163
-338
-446
-507
-521
-526
-523
-517
-520
-545
-580
-611
-627
-632
-631
-624
-602
-565
-518
-467
-410
-349
-286
-226
-178
-139
-108
-86
-72
-60
-52
-47
-42
-36
-27
-15
0
6
11
14
15
17
19
21
22
24
27
33
45
57
64
70
75
83
97
114
130
144
154
160
167
173
182
193
207
216
221
226
232
237
243
250
249
242
222
193
163
135
108
81
52
21
-9
-27
-42
-54
-64
-73
-81
-85
-88
-90
-91
-93
-96
-99
-101
-103
-106
-109
-113
-106
-85
-42
29
132
266
421
585
739
860
918
916
847
681
450
184
-83
-323
-514
-645
-719
-734
-730
-708
-692
-685
-681
-678
-674
-671
-666
-652
-613
-558
-489
-413
-339
-269
-207
-152
-101
-56
-29
-21
-16
-14
-14
-15
-15
-14
-20
-28
-34
-23
-9
3
12
20
26
32
37
40
43
45
48
51
54
55
56
59
67
82
98
114
142
171
188
205
221
235
249
256
260
264
267
267
264
260
252
241
223
198
171
148
132
114
97
70
42
25
6
-12
-29
-45
-72
-98
-123
-147
-165
-182
-194
-198
-201
-198
-175
-128
-55
47
180
339
519
702
865
979
1010
935
750
477
166
-132
-380
-557
-660
-695
-708
-710
-702
-691
-675
-658
-644
-635
-628
-623
-610
-583
-542
-491
-436
-379
-322
-268
-219
-182
-156
-131
-114
-95
-79
-69
-62
-51
-45
-41
-37
-35
-33
-30
-28
-27
-27
-26
-24
-19
-5
13
29
41
54
67
79
88
94
101
108
119
135
151
167
182
196
210
223
233
240
240
231
217
200
180
158
134
109
85
58
30
2
-26
-55
-82
-106
-120
-135
-148
-152
-155
-157
-160
-162
-163
-162
-162
-160
-157
-155
-152
-150
-148
-145
-142
-138
-134
-130
-127
-123
-121
-119
-116
-114
-112
-111
-110
-108
-107
-106
-106
-104
-103
-103
-106
-110
-116
-127
-140
-145
-148
-152
-154
-155
-154
-150
-145
-137
-123
-113
-108
-105
-100
-94
-88
-82
-76
-69
-65
-63
-61
-61
-61
-60
-60
-60
-60
-59
-55
-47
-19
38
120
230
368
528
696
856
983
1038
1035
955
788
565
313
69
-143
-308
-422
-495
-539
-565
-572
-576
-581
-585
-590
-595
-602
-603
-596
-579
-548
-505
-452
-391
-327
-261
-198
-142
-94
-52
-21
-7
-2
0
3
5
7
8
8
8
7
6
6
7
9
12
15
16
17
19
22
30
42
52
61
71
83
96
109
121
134
147
163
180
198
217
235
252
274
297
315
320
323
323
318
309
295
269
235
197
161
135
120
99
72
38
2
-26
-42
-53
-59
-63
-67
-71
-71
-64
-60
-56
-53
-51
-49
-47
-46
-46
-46
-46
-45
-43
-42
-41
-40
-36
-36
-43
-50
-56
-63
-69
-75
-80
-85
-86
-85
-84
-83
-82
-80
-80
-80
-80
-80
-81
-81
-82
-83
-85
-88
-86
-75
-64
-52
-41
-35
-31
-27
-24
-22
-20
-20
-20
-21
-22
-24
-26
-29
-33
-39
-47
-55
-69
-83
-93
-91
-62
-12
58
158
292
455
639
823
980
1085
1119
1073
940
729
469
207
-24
-206
-331
-411
-463
-504
-536
-564
-579
-594
-605
-611
-616
-607
-592
-577
-554
-527
-490
-443
-384
-323
-269
-221
-175
-132
-94
-72
-67
-63
-60
-59
-57
-55
-54
-53
-51
-49
-46
-31
-5
10
28
44
59
74
83
89
94
98
102
118
144
158
168
177
185
197
210
218
223
228
233
237
252
282
306
314
316
314
307
298
282
252
214
168
125
90
60
28
-5
-36
-60
-74
-87
-96
-100
-103
-106
-105
-100
-97
-95
-92
-91
-93
-96
-100
-107
-116
-121
-126
-131
-130
-120
-114
-109
-105
-102
-101
-102
-106
-112
-118
-125
-136
-143
-144
-145
-146
-148
-147
-140
-130
-116
-105
-96
-89
-78
-68
-63
-59
-60
-65
-69
-71
-74
-75
-76
-74
-71
-66
-61
-58
-54
-50
-47
-44
-42
-41
-41
-42
-43
-45
-47
-50
-54
-59
-69
-77
-82
-85
-88
-90
-91
-89
-85
-80
-70
-59
-56
-54
-52
-50
-50
-49
-50
-50
-51
-52
-54
-57
-61
-69
-79
-84
-87
-72
-29
44
144
272
428
602
775
924
1026
1066
1036
930
749
508
236
-21
-231
-376
-464
-520
-549
-557
-562
-566
-571
-574
-580
-605
-637
-654
-659
-648
-614
-564
-508
-448
-385
-322
-264
-213
-169
-135
-111
-95
-78
-62
-50
-41
-32
-23
-14
-5
0
5
9
12
14
17
20
25
31
40
47
53
58
62
64
67
73
84
97
109
120
133
149
167
187
206
226
245
264
280
288
293
297
298
297
294
289
281
268
248
222
191
157
122
86
51
17
-4
-19
-27
-33
-39
-44
-49
-54
-61
-69
-77
-83
-88
-91
-93
-93
-91
-89
-87
-85
-83
-81
-79
-78
-80
-83
-86
-90
-93
-96
-100
-103
-106
-107
-108
-108
-107
-105
-103
-99
-85
-50
9
99
216
357
519
690
848
965
1016
982
856
650
396
133
-106
-299
-432
-510
-553
-568
-573
-575
-578
-584
-592
-605
-621
-635
-634
-609
-561
-499
-430
-361
-297
-238
-188
-148
-118
-100
-85
-74
-64
-57
-51
-46
-39
-31
-23
-13
-5
1
9
19
31
40
46
50
55
58
62
66
71
78
85
94
107
124
139
150
162
177
197
213
225
235
248
262
271
277
279
276
268
256
236
215
192
167
143
120
96
73
49
25
4
-13
-33
-54
-73
-101
-123
-135
-141
-143
-146
-148
-150
-151
-152
-152
-151
-151
-150
-149
-149
-148
-147
-147
-147
-147
-148
-148
-147
-146
-145
-143
-141
-138
-136
-133
-132
-131
-129
-126
-122
-119
-118
-118
-119
-120
-122
-126
-130
-116
-73
-3
95
223
378
553
733
892
1005
1051
1016
897
698
442
172
-72
-269
-410
-504
-564
-606
-637
-661
-673
-681
-687
-694
-702
-708
-701
-682
-642
-591
-533
-473
-412
-349
-289
-235
-188
-148
-115
-88
-66
-51
-41
-36
-33
-30
-27
-25
-22
-15
-6
-2
0
1
1
0
-2
-5
-9
-13
-16
-14
-8
8
32
58
73
89
104
119
133
146
158
170
183
196
211
229
243
250
254
257
256
251
242
228
209
183
154
122
92
66
51
27
3
-21
-45
-70
-85
-100
-114
-125
-137
-144
-148
-150
-152
-155
-158
-161
-165
-172
-182
-186
-191
-188
-165
-120
-48
50
178
333
505
675
815
890
891
821
642
391
104
-178
-422
-597
-695
-721
-731
-722
-712
-705
-701
-703
-707
-712
-717
-707
-677
-631
-572
-502
-426
-347
-274
-210
-157
-116
-84
-60
-46
-38
-34
-31
-28
-25
-22
-18
-13
-9
-6
-4
-1
2
-2
-6
-9
-11
-9
-3
1
8
16
26
42
55
64
71
78
87
101
124
148
164
183
202
218
229
234
238
241
243
243
238
230
217
197
178
161
134
103
65
23
-13
-45
-71
-93
-116
-142
-156
-163
-167
-169
-171
-172
-173
-172
-171
-169
-168
-166
-163
-159
-152
-147
-144
-142
-140
-138
-137
-137
-138
-139
-141
-143
-146
-151
-154
-151
-141
-114
-50
46
173
325
496
671
826
933
969
923
799
608
373
117
-128
-338
-486
-575
-620
-638
-648
-658
-678
-701
-723
-744
-766
-773
-766
-747
-696
-630
-562
-496
-436
-379
-324
-272
-228
-189
-157
-128
-98
-66
-34
-16
-11
-7
-6
-6
-9
-12
-16
-20
-25
-28
-26
-19
1
24
46
60
73
83
93
103
113
118
124
130
137
153
175
200
214
229
243
252
259
264
268
272
276
276
271
258
237
207
171
133
92
47
4
-33
-63
-86
-101
-112
-121
-129
-139
-151
-159
-165
-168
-165
-156
-130
-81
-9
88
213
364
529
688
819
888
888
816
637
385
100
-172
-399
-564
-668
-708
-722
-719
-712
-713
-729
-753
-772
-778
-770
-747
-704
-650
-584
-510
-434
-363
-296
-235
-182
-139
-107
-89
-75
-66
-59
-52
-44
-39
-36
-31
-22
-11
0
11
23
33
46
62
77
91
106
119
128
132
134
134
123
114
107
106
111
121
134
152
169
184
209
237
253
264
272
275
271
263
253
241
224
202
180
154
122
84
45
15
1
-10
-23
-36
-53
-73
-92
-107
-117
-126
-133
-139
-143
-142
-139
-135
-129
-123
-116
-110
-105
-102
-103
-106
-109
-111
-110
-110
-110
-114
-118
-123
-126
-129
-131
-131
-130
-128
-127
-128
-127
-125
-122
-119
-116
-115
-117
-123
-129
-133
-136
-139
-142
-144
-146
-149
-150
-151
-152
-151
-150
-147
-144
-123
-75
1
112
256
426
613
798
960
1071
1102
1037
874
633
356
89
-131
-294
-407
-481
-531
-558
-566
-558
-545
-538
-534
-539
-565
-596
-613
-619
-609
-579
-528
-466
-400
-334
-270
-212
-163
-126
-99
-77
-65
-54
-46
-35
-26
-18
-13
-10
-6
-2
3
10
15
18
19
17
17
17
18
18
18
17
14
11
6
4
10
19
30
38
52
73
98
124
153
180
191
197
202
203
196
183
168
144
119
94
67
51
34
18
0
-18
-37
-57
-77
-95
-106
-113
-118
-125
-134
-144
-149
-152
-153
-154
-154
-154
-154
-152
-148
-146
-143
-140
-136
-132
-128
-123
-118
-113
-108
-102
-98
-94
-89
-80
-70
-64
-60
-58
-57
-57
-56
-56
-58
-62
-65
-68
-73
-74
-67
-63
-60
-58
-56
-53
-53
-55
-58
-60
-64
-70
-74
-71
-62
-53
-43
-36
-32
-31
-30
-28
-27
-25
-24
-21
-20
-20
-19
-18
-17
-16
-12
-9
-11
-17
-24
-32
-39
-46
-52
-61
-71
-81
-91
-91
-84
-66
-21
48
146
277
438
615
790
939
1044
1086
1048
919
704
437
161
-75
-243
-346
-400
-422
-438
-451
-456
-461
-466
-472
-479
-490
-501
-511
-518
-518
-509
-487
-445
-390
-329
-263
-200
-143
-94
-55
-28
-13
-6
-4
-2
0
4
8
12
17
24
30
34
38
41
44
47
50
54
57
61
65
72
84
94
103
112
120
129
138
148
162
178
203
230
255
280
296
313
330
340
347
349
344
333
315
295
269
246
222
196
167
138
111
96
81
66
52
37
21
4
-13
-31
-46
-56
-65
-70
-74
-78
-81
-84
-86
-89
-90
-90
-90
-90
-92
-95
-99
-103
-106
-108
-108
-107
-103
-99
-94
-89
-85
-82
-80
-76
-72
-68
-65
-61
-57
-53
-45
-17
48
145
272
424
589
748
877
939
941
880
732
525
289
50
-162
-333
-452
-526
-566
-584
-594
-599
-603
-610
-619
-638
-654
-664
-661
-634
-582
-512
-435
-359
-288
-224
-165
-114
-69
-32
-11
7
26
33
37
40
42
44
45
46
47
49
50
51
53
56
60
66
73
80
87
93
100
107
113
120
132
150
167
178
186
194
203
217
236
260
277
286
292
294
295
298
301
294
270
238
201
164
129
105
81
57
32
9
-13
-34
-53
-72
-92
-112
-128
-139
-146
-150
-154
-157
-158
-159
-158
-154
-148
-142
-136
-133
-130
-127
-123
-119
-115
-112
-108
-106
-104
-102
-102
-100
-97
-93
-89
-84
-80
-76
-73
-71
-68
-65
-65
-68
-72
-77
-81
-88
-93
-95
-97
-101
-105
-98
-94
-91
-88
-86
-83
-81
-79
-79
-79
-80
-82
-86
-90
-94
-97
-101
-105
-111
-117
-120
-120
-121
-121
-121
-121
-120
-117
-110
-105
-102
-99
-96
-94
-93
-93
-94
-96
-99
-102
-106
-110
-117
-117
-105
-73
-21
59
172
315
481
661
833
974
1055
1064
1024
885
676
427
170
-62
-250
-385
-473
-526
-561
-587
-597
-599
-596
-593
-590
-605
-631
-646
-651
-645
-609
-559
-498
-430
-360
-295
-232
-175
-127
-90
-58
-38
-24
-17
-11
-5
-2
1
4
12
27
35
37
38
40
42
43
45
47
49
50
50
52
53
54
57
62
72
80
86
95
109
125
144
165
186
207
227
246
265
283
295
300
303
302
293
268
240
210
182
152
120
89
56
34
15
1
-10
-21
-32
-45
-57
-67
-76
-83
-90
-97
-104
-111
-115
-119
-122
-124
-126
-125
-123
-119
-114
-108
-100
-87
-79
-74
-70
-67
-67
-68
-71
-75
-79
-84
-91
-95
-91
-78
-42
19
113
244
407
594
789
966
1088
1124
1052
872
614
322
44
-185
-365
-497
-582
-604
-609
-611
-614
-619
-622
-626
-630
-637
-644
-634
-609
-561
-497
-424
-352
-284
-220
-161
-112
-74
-52
-35
-22
-9
7
22
27
30
33
35
36
35
34
33
32
29
25
24
33
38
41
45
49
53
57
60
65
71
84
106
144
182
204
222
237
253
262
268
273
277
280
281
280
277
273
268
261
250
230
201
169
147
122
100
71
43
13
-13
-39
-61
-82
-106
-135
-159
-167
-171
-174
-177
-178
-179
-180
-181
-182
-182
-181
-178
-173
-168
-159
-144
-131
-121
-113
-108
-104
-102
-106
-114
-126
-140
-149
-155
-146
-119
-57
32
154
307
482
664
832
962
1010
1004
913
733
494
230
-16
-218
-368
-476
-548
-577
-587
-592
-594
-596
-605
-630
-661
-682
-683
-665
-623
-571
-513
-449
-385
-326
-273
-224
-180
-141
-108
-81
-68
-61
-55
-49
-43
-39
-36
-33
-30
-29
-27
-24
-19
-14
-9
-3
4
17
29
41
61
85
101
115
124
131
138
147
160
173
187
200
216
233
252
271
288
298
304
304
298
282
257
227
194
160
126
92
61
32
4
-20
-36
-54
-71
-87
-102
-111
-117
-121
-122
-120
-117
-113
-110
-107
-105
-102
-99
-99
-100
-102
-104
-106
-109
-114
-115
-112
-110
-106
-107
-113
-117
-119
-122
-126
-130
-134
-138
-142
-148
-154
-158
-157
-155
-150
-135
-89
-8
105
250
421
607
791
947
1039
1047
990
825
594
332
71
-154
-324
-436
-505
-539
-562
-575
-583
-587
-592
-599
-606
-618
-629
-636
-634
-611
-574
-524
-469
-411
-351
-292
-240
-198
-166
-140
-114
-99
-86
-76
-69
-62
-56
-48
-40
-31
-21
-12
-3
4
12
18
24
29
31
33
33
34
35
37
38
37
37
38
39
42
45
61
84
108
131
144
159
175
194
204
207
210
202
177
152
137
114
93
69
42
14
-12
-32
-52
-70
-87
-103
-118
-135
-143
-146
-148
-150
-152
-155
-156
-157
-158
-161
-165
-168
-174
-184
-187
-190
-192
-194
-194
-193
-191
-189
-188
-186
-183
-178
-175
-171
-153
-117
-60
21
134
274
438
612
781
925
1006
1010
941
757
502
217
-52
-267
-412
-499
-548
-578
-597
-601
-595
-580
-564
-559
-568
-591
-621
-630
-633
-618
-578
-519
-449
-376
-303
-233
-170
-115
-68
-32
-7
5
16
31
40
45
50
55
59
62
67
74
77
79
82
84
87
87
87
88
89
91
93
99
106
112
118
123
127
131
139
154
175
194
212
228
244
260
277
288
295
300
296
279
258
233
207
179
152
125
110
94
76
59
41
26
15
9
3
-4
-15
-30
-46
-56
-63
-70
-76
-86
-97
-101
-104
-107
-109
-109
-108
-105
-102
-99
-96
-94
-91
-88
-86
-84
-82
-79
-75
-71
-66
-59
-54
-52
-50
-49
-48
-47
-48
-52
-56
-60
-64
-68
-72
-75
-77
-79
-81
-81
-82
-84
-86
-88
-90
-93
-95
-95
-94
-92
-90
-89
-87
-86
-84
-83
-80
-77
-74
-73
-76
-78
-80
-81
-81
-78
-74
-73
-73
-74
-74
-72
-70
-67
-65
-64
-64
-65
-67
-69
-70
-71
-69
-68
-67
-68
-70
-73
-77
-80
-80
-75
-69
-63
-58
-53
-50
-48
-43
-37
-29
-23
-20
-18
-16
-16
-16
-18
-22
-27
-30
-35
-41
-47
-52
-57
-59
-56
-50
-47
-44
-42
-42
-45
-49
-53
-57
-63
-67
-71
-74
-76
-77
-79
-83
-89
-97
-106
-108
-102
-82
-29
52
164
308
480
666
848
1008
1120
1164
1124
999
801
560
309
77
-115
-262
-370
-442
-480
-494
-500
-506
-516
-534
-558
-583
-591
-597
-595
-575
-542
-495
-440
-379
-313
-245
-181
-127
-82
-46
-17
-1
12
29
38
40
41
41
43
45
47
49
51
53
56
61
70
76
80
83
85
82
76
70
64
57
52
51
52
55
62
74
91
115
148
183
214
241
265
289
317
347
368
375
373
364
353
340
323
302
271
228
181
140
110
93
78
61
40
18
1
-8
-14
-18
-26
-39
-53
-65
-76
-82
-85
-86
-87
-88
-88
-86
-82
-78
-73
-70
-67
-63
-59
-55
-51
-50
-51
-53
-56
-59
-62
-65
-69
-74
-82
-87
-90
-92
-96
-100
-102
-102
-99
-95
-90
-71
-38
9
79
175
295
430
561
674
744
751
711
572
358
102
-148
-347
-470
-520
-540
-549
-559
-574
-587
-596
-605
-615
-628
-640
-648
-641
-622
-572
-503
-426
-348
-273
-204
-147
-102
-66
-45
-34
-28
-25
-22
-19
-16
-13
-11
-6
2
12
18
23
29
35
40
46
55
67
78
90
107
118
125
134
142
154
171
188
207
228
249
271
295
321
344
359
368
375
376
373
367
359
348
332
305
279
250
220
186
149
113
81
53
26
-1
-34
-67
-95
-115
-122
-128
-133
-141
-157
-171
-178
-182
-185
-188
-191
-193
-194
-191
-183
-175
-165
-164
-169
-172
-175
-178
-181
-182
-181
-180
-178
-176
-170
-156
-145
-137
-130
-124
-115
-102
-92
-85
-79
-75
-71
-68
-65
-64
-63
-63
-64
-66
-70
-75
-81
-92
-106
-116
-115
-95
-48
23
122
246
392
551
712
854
959
1008
989
896
722
486
220
-36
-250
-402
-495
-544
-569
-591
-617
-627
-633
-644
-661
-676
-687
-693
-686
-665
-624
-569
-504
-434
-363
-299
-243
-195
-157
-130
-112
-99
-94
-89
-83
-79
-75
-72
-68
-66
-64
-62
-59
-55
-51
-47
-42
-35
-26
-18
0
21
33
44
58
71
85
101
115
128
140
152
166
182
199
217
233
247
261
275
290
301
308
311
307
299
280
249
216
183
151
116
77
37
3
-23
-38
-50
-57
-65
-73
-84
-92
-102
-117
-129
-136
-139
-140
-142
-143
-144
-145
-146
-147
-147
-145
-144
-143
-141
-140
-138
-136
-134
-132
-131
-130
-130
-129
-129
-130
-132
-131
-128
-116
-75
-6
95
231
396
580
767
936
1060
1116
1088
969
768
506
222
-44
-266
-427
-531
-577
-590
-599
-605
-610
-612
-616
-625
-641
-657
-666
-657
-634
-585
-524
-459
-392
-328
-266
-209
-164
-131
-106
-91
-76
-59
-45
-33
-23
-13
-5
3
7
10
13
17
20
22
23
23
23
24
25
29
37
54
64
70
76
82
89
102
119
135
150
162
171
182
190
197
203
209
214
218
222
224
223
216
207
194
177
151
123
87
44
1
-35
-62
-75
-86
-99
-108
-113
-118
-122
-126
-128
-131
-137
-140
-142
-144
-145
-144
-140
-137
-135
-134
-132
-131
-130
-129
-129
-129
-130
-131
-133
-135
-135
-135
-134
-133
-131
-129
-128
-126
-122
-114
-108
-105
-104
-102
-101
-100
-100
-100
-99
-99
-99
-99
-98
-97
-95
-94
-92
-88
-85
-81
-76
-71
-66
-63
-58
-53
-51
-51
-53
-57
-63
-73
-89
-101
-108
-100
-74
-18
66
182
326
494
672
842
976
1037
1036
961
789
549
276
7
-219
-389
-500
-560
-582
-589
-592
-595
-599
-603
-609
-617
-626
-626
-619
-604
-573
-532
-485
-435
-384
-331
-279
-232
-193
-160
-132
-103
-76
-55
-49
-44
-38
-34
-31
-29
-26
-21
-17
-13
-10
-7
-2
4
9
12
16
21
26
32
40
52
65
81
100
117
132
144
156
168
180
193
206
221
237
253
271
285
294
301
302
297
281
258
230
196
162
129
102
77
51
24
-2
-27
-43
-60
-74
-87
-101
-109
-113
-117
-120
-120
-119
-116
-112
-107
-99
-90
-87
-86
-89
-95
-101
-106
-94
-59
0
93
223
387
572
757
912
1002
1012
965
806
570
294
23
-211
-385
-495
-554
-569
-575
-566
-556
-547
-547
-553
-563
-571
-576
-572
-547
-499
-434
-362
-294
-235
-183
-137
-99
-69
-53
-39
-26
-13
2
13
19
24
29
34
38
42
48
54
59
65
72
80
88
95
102
108
115
121
126
130
136
147
159
172
185
198
212
225
238
252
261
266
270
272
271
268
264
259
253
247
239
228
213
198
183
162
137
108
79
51
24
3
-9
-21
-30
-37
-43
-47
-51
-55
-59
-64
-70
-76
-82
-91
-100
-105
-107
-108
-106
-101
-96
-91
-86
-82
-77
-72
-72
-79
-89
-101
-107
-111
-114
-117
-118
-117
-115
-111
-107
-100
-90
-81
-75
-71
-67
-64
-61
-58
-55
-52
-54
-63
-71
-78
-84
-90
-97
-104
-107
-111
-115
-116
-110
-105
-100
-95
-92
-90
-89
-87
-85
-81
-77
-72
-67
-59
-50
-44
-41
-39
-37
-35
-35
-36
-38
-39
-42
-45
-48
-52
-57
-62
-66
-69
-72
-76
-79
-81
-82
-81
-80
-78
-76
-75
-73
-71
-67
-65
-66
-68
-71
-74
-78
-83
-82
-71
-62
-53
-47
-43
-39
-36
-32
-28
-25
-22
-19
-18
-17
-17
-18
-18
-18
-18
-18
-18
-19
-21
-24
-28
-36
-49
-55
-59
-62
-68
-77
-87
-97
-108
-108
-96
-65
-8
75
192
343
519
703
873
1006
1073
1077
1021
866
640
385
142
-64
-220
-321
-383
-423
-451
-474
-486
-496
-510
-526
-540
-551
-557
-552
-538
-507
-464
-410
-347
-282
-221
-169
-126
-91
-61
-36
-13
0
9
14
21
30
37
44
51
56
60
61
61
61
60
61
63
66
69
70
71
72
75
79
84
93
98
105
112
121
132
144
166
187
209
232
255
280
295
309
320
330
336
340
342
337
329
315
299
279
256
225
190
155
120
89
60
39
15
-4
-23
-42
-55
-66
-78
-86
-91
-95
-98
-100
-101
-101
-101
-102
-104
-104
-103
-102
-103
-103
-103
-103
-101
-98
-94
-91
-88
-84
-78
-72
-66
-60
-54
-47
-42
-42
-49
-55
-61
-69
-76
-85
-91
-96
-101
-104
-105
-105
-105
-106
-106
-105
-103
-102
-101
-100
-99
-99
-100
-101
-102
-104
-105
-106
-107
-108
-108
-108
-110
-112
-109
-102
-94
-84
-79
-75
-70
-71
-74
-77
-80
-64
-18
59
168
307
470
648
821
962
1039
1045
992
842
627
372
112
-122
-307
-434
-517
-567
-598
-608
-613
-616
-620
-630
-640
-645
-647
-644
-632
-600
-555
-495
-425
-355
-290
-230
-172
-118
-72
-39
-23
-18
-16
-15
-15
-14
-14
-13
-12
-11
-11
-10
-11
-10
-9
-7
-4
-1
1
7
19
28
35
42
49
56
68
85
104
122
153
180
197
215
233
252
265
271
274
277
279
279
277
272
265
254
236
207
178
148
130
96
63
30
-2
-34
-65
-86
-104
-117
-129
-140
-148
-155
-160
-162
-164
-167
-169
-171
-173
-174
-175
-175
-174
-172
-169
-163
-145
-101
-28
73
205
359
525
689
832
934
974
931
797
584
322
48
-201
-410
-572
-693
-774
-799
-808
-799
-768
-727
-711
-706
-703
-698
-691
-669
-616
-548
-472
-399
-331
-270
-220
-180
-145
-122
-101
-86
-75
-66
-59
-52
-44
-38
-34
-31
-28
-24
-20
-17
-13
-8
-3
2
8
15
22
30
38
43
48
54
60
66
70
75
79
84
91
100
116
137
155
169
181
196
212
223
231
230
217
197
173
153
132
113
93
54
17
-5
-23
-38
-51
-70
-92
-107
-118
-128
-137
-145
-153
-151
-139
-106
-40
51
171
319
485
649
788
878
902
844
701
480
205
-81
-340
-537
-663
-712
-730
-725
-705
-677
-656
-648
-646
-647
-649
-651
-654
-643
-611
-568
-512
-449
-386
-324
-268
-221
-184
-156
-138
-119
-104
-94
-86
-80
-73
-61
-49
-42
-35
-30
-25
-19
-10
-3
3
9
14
19
24
32
41
50
57
64
70
90
114
126
135
140
148
156
170
187
201
211
220
228
235
236
232
222
200
178
156
130
100
68
38
12
-2
-15
-29
-53
-78
-89
-96
-100
-104
-109
-115
-122
-130
-137
-143
-151
-159
-163
-165
-166
-168
-169
-170
-171
-172
-172
-171
-170
-168
-167
-165
-163
-161
-161
-160
-159
-158
-158
-157
-155
-153
-151
-151
-150
-150
-149
-148
-147
-145
-140
-126
-115
-111
-107
-105
-102
-100
-97
-91
-75
-39
19
104
220
361
521
685
838
957
1002
994
903
720
480
218
-31
-239
-391
-486
-530
-550
-564
-573
-580
-587
-595
-603
-614
-625
-633
-639
-632
-611
-573
-524
-470
-414
-356
-300
-249
-207
-174
-146
-119
-89
-62
-48
-37
-29
-18
-11
-7
-4
-1
0
2
3
4
5
5
7
9
12
14
17
22
26
34
40
46
56
69
84
98
112
124
142
164
186
201
214
222
230
236
242
247
248
245
237
216
190
162
133
101
63
21
-21
-56
-81
-95
-104
-111
-117
-121
-125
-125
-122
-120
-118
-116
-114
-114
-117
-120
-126
-133
-143
-148
-152
-156
-158
-155
-143
-113
-59
19
122
252
405
569
725
853
912
908
831
656
418
153
-103
-320
-480
-585
-648
-667
-668
-649
-625
-615
-609
-614
-632
-642
-636
-621
-575
-510
-435
-359
-288
-226
-174
-131
-94
-63
-40
-28
-18
-6
5
18
27
33
33
28
23
19
15
12
10
7
3
3
9
27
49
57
65
73
81
89
97
105
111
120
132
145
157
180
203
218
233
243
248
252
255
257
257
252
245
232
216
192
167
152
127
98
63
26
-6
-34
-56
-69
-81
-96
-108
-114
-120
-126
-131
-135
-138
-140
-142
-143
-144
-143
-141
-139
-138
-136
-133
-130
-127
-123
-110
-79
-27
50
155
287
443
612
773
901
954
947
856
668
421
156
-96
-311
-470
-570
-623
-647
-660
-668
-673
-678
-681
-684
-688
-686
-667
-639
-601
-552
-494
-430
-362
-295
-232
-174
-123
-80
-47
-20
-6
0
1
2
2
3
4
7
8
9
11
13
17
24
30
34
38
40
43
47
50
54
57
61
69
76
87
103
121
137
162
184
210
236
261
283
306
318
328
333
327
310
280
243
206
175
147
117
82
44
8
-19
-33
-45
-57
-71
-87
-102
-113
-121
-126
-133
-141
-146
-149
-152
-152
-149
-143
-138
-131
-124
-117
-112
-108
-105
-101
-98
-97
-98
-97
-94
-88
-77
-49
6
89
201
340
505
685
860
1002
1067
1066
986
802
556
280
21
-195
-353
-461
-530
-575
-607
-623
-626
-628
-630
-634
-637
-640
-643
-631
-599
-552
-495
-429
-362
-297
-239
-189
-145
-105
-74
-52
-38
-30
-27
-25
-24
-22
-20
-16
-12
-7
0
9
16
20
23
26
27
27
26
24
21
16
21
30
42
54
67
88
113
141
166
190
214
228
243
255
261
266
267
259
248
233
212
185
157
131
104
74
45
22
8
-11
-35
-62
-88
-111
-132
-142
-151
-159
-167
-175
-181
-175
-165
-153
-143
-136
-130
-125
-119
-104
-79
-67
-60
-56
-54
-53
-54
-57
-61
-65
-71
-77
-83
-90
-94
-97
-99
-102
-104
-107
-111
-115
-118
-121
-124
-127
-129
-131
-133
-133
-134
-136
-129
-117
-104
-93
-84
-74
-66
-60
-56
-56
-60
-69
-83
-99
-108
-113
-104
-76
-21
63
180
326
497
678
851
996
1095
1128
1078
933
704
419
119
-150
-347
-466
-523
-550
-566
-575
-579
-582
-583
-584
-584
-584
-583
-580
-574
-554
-524
-488
-440
-387
-332
-282
-238
-197
-161
-130
-102
-88
-78
-72
-65
-59
-57
-55
-52
-51
-50
-49
-48
-47
-46
-45
-45
-44
-43
-40
-29
-16
-3
16
39
62
84
99
114
128
140
149
159
172
185
195
208
222
235
243
249
252
251
245
235
221
201
179
154
127
98
68
37
5
-27
-58
-86
-103
-110
-113
-115
-116
-118
-120
-121
-122
-122
-122
-122
-121
-119
-118
-117
-115
-114
-113
-111
-108
-100
-96
-95
-94
-92
-91
-91
-91
-94
-98
-102
-107
-114
-121
-127
-131
-134
-138
-143
-149
-157
-166
-171
-165
-151
-115
-43
60
190
344
514
681
821
900
908
866
736
552
323
73
-172
-375
-511
-582
-605
-602
-586
-577
-573
-576
-582
-599
-626
-633
-637
-631
-592
-540
-478
-412
-346
-280
-217
-164
-125
-98
-82
-64
-49
-42
-39
-35
-30
-25
-20
-17
-12
-6
0
4
7
10
13
16
20
23
25
26
28
32
39
48
58
71
85
99
112
128
147
167
188
208
228
249
269
286
297
304
297
286
272
248
222
190
154
118
87
63
46
28
11
-16
-44
-61
-76
-87
-95
-107
-118
-123
-126
-129
-130
-130
-129
-128
-128
-128
-129
-130
-130
-131
-132
-134
-134
-131
-127
-112
-68
3
103
231
382
545
702
829
886
884
810
642
406
137
-126
-339
-488
-573
-591
-590
-582
-577
-574
-575
-580
-595
-619
-625
-628
-622
-587
-537
-477
-414
-350
-285
-222
-169
-130
-105
-91
-78
-67
-62
-61
-61
-61
-59
-58
-55
-50
-39
-24
-11
0
10
21
33
47
57
63
66
69
71
73
76
84
100
113
122
129
135
145
157
177
198
221
236
248
255
257
253
246
228
201
169
135
99
62
27
-5
-34
-51
-68
-84
-100
-115
-123
-127
-130
-132
-133
-133
-132
-132
-131
-130
-129
-126
-124
-123
-123
-124
-126
-127
-128
-125
-121
-104
-56
16
117
246
400
565
721
842
890
885
803
630
392
120
-140
-354
-506
-597
-637
-652
-653
-648
-642
-636
-637
-649
-668
-683
-692
-690
-666
-622
-562
-491
-415
-342
-274
-213
-159
-111
-73
-43
-21
-14
-12
-11
-10
-10
-11
-12
-13
-17
-17
-11
-4
2
6
9
11
13
15
18
21
25
30
40
55
77
98
119
141
155
171
187
210
235
256
267
276
285
293
302
308
303
290
257
217
179
147
116
80
39
-5
-45
-79
-95
-109
-123
-139
-153
-164
-172
-164
-138
-86
-6
102
240
403
575
730
844
889
844
704
484
218
-60
-314
-505
-629
-699
-716
-714
-691
-659
-627
-612
-614
-637
-665
-684
-690
-680
-652
-594
-520
-440
-362
-292
-231
-179
-135
-98
-73
-59
-50
-46
-41
-36
-31
-26
-21
-15
-10
-1
9
15
19
23
27
30
33
36
42
48
54
63
74
83
91
101
111
126
144
161
180
197
212
229
240
247
253
256
254
248
242
232
217
201
185
161
132
101
73
50
28
4
-22
-51
-81
-96
-107
-116
-126
-140
-149
-153
-156
-160
-165
-171
-175
-179
-183
-187
-189
-188
-185
-181
-176
-169
-154
-142
-134
-127
-119
-114
-111
-107
-104
-101
-101
-102
-104
-106
-109
-113
-118
-127
-136
-138
-140
-142
-143
-143
-141
-136
-126
-103
-56
11
103
223
373
548
728
885
990
1020
961
818
599
338
69
-170
-360
-493
-569
-601
-613
-620
-628
-638
-650
-662
-679
-702
-708
-711
-706
-678
-634
-577
-510
-438
-362
-291
-228
-176
-130
-92
-71
-66
-63
-60
-57
-55
-54
-54
-53
-52
-50
-46
-33
-22
-15
-9
-5
-2
1
8
17
29
42
48
52
55
60
66
72
84
99
109
118
128
150
179
205
229
242
251
256
254
247
235
210
180
145
108
74
43
16
-6
-19
-26
-28
-29
-29
-30
-32
-35
-36
-36
-38
-41
-48
-62
-77
-93
-111
-123
-128
-131
-132
-131
-127
-123
-122
-119
-115
-112
-112
-114
-118
-122
-129
-129
-107
-61
12
114
243
394
557
717
848
908
906
831
662
432
180
-54
-251
-397
-493
-524
-533
-538
-543
-548
-552
-556
-568
-586
-598
-605
-600
-585
-551
-502
-440
-373
-304
-240
-186
-144
-114
-92
-78
-68
-63
-58
-54
-48
-42
-34
-26
-16
-8
0
7
17
24
29
34
38
43
51
59
63
65
65
68
72
79
89
104
120
135
148
162
189
219
250
262
268
269
263
251
238
218
193
163
132
106
91
77
62
38
11
-16
-42
-59
-78
-94
-115
-135
-140
-144
-148
-152
-154
-155
-158
-162
-166
-169
-173
-178
-181
-185
-189
-189
-184
-177
-170
-163
-157
-153
-150
-148
-147
-145
-144
-144
-143
-142
-141
-139
-137
-134
-130
-126
-117
-106
-96
-80
-72
-71
-71
-82
-98
-115
-125
-132
-137
-142
-147
-153
-157
-158
-156
-154
-152
-150
-147
-143
-137
-132
-127
-118
-114
-112
-110
-109
-107
-107
-113
-123
-139
-153
-159
-164
-153
-118
-63
18
127
264
422
590
753
892
991
1028
993
882
703
477
236
8
-184
-331
-429
-491
-522
-530
-534
-539
-543
-548
-556
-571
-584
-592
-592
-587
-573
-539
-491
-433
-370
-305
-244
-191
-147
-113
-85
-73
-67
-64
-62
-59
-55
-51
-45
-36
-29
-20
-7
1
6
11
17
21
24
28
34
40
47
58
74
93
111
125
135
144
152
160
167
178
191
204
219
237
255
272
290
303
312
313
307
290
266
238
207
175
140
104
67
39
23
8
-7
-17
-22
-27
-31
-35
-37
-40
-42
-45
-46
-40
-30
-20
-10
-5
-2
0
3
7
10
9
3
-6
-18
-33
-44
-50
-54
-57
-59
-61
-64
-69
-73
-74
-72
-71
-70
-70
-69
-63
-55
-33
17
95
200
335
493
661
819
936
984
946
815
606
352
92
-140
-314
-420
-474
-503
-512
-517
-521
-525
-527
-532
-551
-581
-595
-607
-606
-584
-539
-479
-414
-349
-286
-226
-172
-128
-94
-65
-47
-30
-18
-8
-2
0
4
8
11
15
19
27
43
54
60
66
72
77
86
101
113
120
127
133
142
157
177
195
210
222
231
242
258
276
298
314
323
331
336
336
334
329
323
305
278
244
209
177
155
131
110
79
51
32
10
-9
-26
-43
-59
-75
-91
-108
-121
-129
-135
-138
-141
-144
-146
-144
-138
-132
-128
-125
-121
-118
-115
-113
-113
-113
-114
-115
-117
-120
-125
-125
-120
-116
-113
-109
-105
-100
-96
-94
-92
-88
-84
-81
-81
-83
-88
-93
-99
-106
-116
-116
-104
-69
-16
60
170
319
493
674
840
972
1044
1049
994
829
587
312
58
-144
-287
-375
-424
-446
-472
-501
-529
-542
-551
-558
-567
-575
-582
-581
-571
-545
-509
-465
-416
-367
-318
-273
-233
-196
-158
-124
-100
-86
-73
-58
-46
-40
-36
-33
-30
-27
-23
-12
-2
3
9
15
22
30
37
44
52
60
70
85
103
120
139
155
175
199
229
245
256
264
271
279
289
297
301
303
302
293
283
271
259
231
197
162
132
105
89
63
36
9
-18
-34
-52
-68
-83
-97
-103
-106
-107
-108
-109
-109
-109
-109
-111
-112
-114
-116
-117
-119
-120
-121
-123
-126
-129
-132
-135
-136
-138
-138
-137
-135
-133
-130
-127
-124
-121
-119
-116
-114
-111
-109
-108
-107
-106
-105
-104
-103
-101
-98
-94
-87
-78
-68
-59
-53
-49
-46
-44
-43
-43
-44
-46
-48
-50
-51
-53
-55
-57
-57
-55
-52
-50
-48
-47
-45
-42
-40
-39
-38
-37
-36
-36
-36
-36
-34
-33
-31
-29
-26
-23
-20
-17
-13
-9
-7
-7
-9
-12
-16
-22
-27
-33
-41
-45
-41
-29
4
77
184
323
488
667
841
986
1070
1078
1026
863
628
357
93
-121
-270
-355
-404
-443
-485
-524
-552
-560
-566
-571
-577
-585
-588
-585
-575
-547
-511
-468
-417
-354
-286
-220
-163
-113
-68
-30
-5
3
8
11
12
13
13
12
13
14
17
20
23
27
32
39
46
53
61
72
83
93
100
106
111
116
123
133
142
156
172
189
208
229
249
269
290
311
331
343
350
355
354
348
339
323
303
275
247
218
188
169
149
131
114
99
85
70
54
38
24
12
0
-12
-21
-28
-32
-33
-34
-36
-37
-38
-39
-41
-42
-44
-45
-46
-48
-50
-54
-59
-66
-73
-79
-85
-89
-92
-96
-99
-101
-100
-96
-90
-82
-73
-60
-53
-48
-46
-44
-43
-42
-40
-40
-39
-39
-38
-38
-38
-38
-38
-39
-41
-43
-44
-46
-47
-49
-51
-53
-56
-59
-64
-70
-74
-76
-78
-80
-81
-83
-84
-84
-83
-81
-77
-71
-66
-62
-59
-55
-53
-50
-48
-45
-43
-41
-39
-38
-37
-36
-35
-34
-33
-32
-30
-29
-28
-27
-27
-27
-29
-31
-34
-37
-40
-44
-49
-59
-68
-72
-75
-76
-78
-79
-79
-78
-76
-75
-74
-72
-70
-69
-68
-67
-66
-66
-65
-65
-65
-65
-65
-65
-66
-67
-68
-68
-69
-70
-70
-72
-73
-74
-76
-77
-78
-80
-81
-83
-85
-88
-92
-93
-92
-89
-83
-76
-67
-54
-43
-38
-34
-31
-28
-25
-23
-21
-20
-19
-18
-18
-18
-18
-18
-17
-16
-15
-15
-16
-18
-21
-25
-33
-34
-28
-25
-22
-20
-18
-17
-17
-17
-18
-19
-20
-22
-25
-26
-25
-21
-15
-11
-6
-1
2
6
9
11
12
14
15
17
19
20
21
21
19
17
14
9
3
-2
-11
-16
-13
-4
21
76
156
264
396
548
709
862
986
1053
1056
1002
846
617
350
89
-124
-264
-334
-366
-379
-393
-403
-412
-420
-428
-441
-460
-476
-486
-480
-462
-428
-383
-334
-286
-242
-201
-160
-119
-79
-39
-2
18
30
37
42
44
41
35
29
24
18
12
9
10
14
19
24
29
35
43
51
59
67
75
81
88
95
103
111
117
124
134
145
160
179
197
214
228
246
266
288
304
313
319
323
324
322
318
312
293
263
223
181
143
110
88
64
35
19
12
7
3
0
-2
-5
-6
-8
-11
-15
-20
-30
-45
-60
-72
-78
-82
-83
-83
-83
-83
-84
-84
-85
-85
-85
-86
-86
-86
-85
-85
-85
-84
-83
-82
-81
-80
-78
-75
-73
-72
-71
-70
-70
-69
-67
-65
-62
-60
-58
-57
-58
-58
-60
-62
-65
-68
-72
-75
-79
-86
-92
-96
-94
-90
-86
-84
-82
-80
-79
-77
-76
-74
-73
-72
-71
-71
-72
-72
-73
-74
-75
-77
-79
-81
-83
-87
-92
-81
-54
0
81
191
326
478
639
796
930
1019
1032
1010
896
720
498
254
17
-186
-337
-434
-488
-504
-516
-524
-531
-545
-569
-615
-662
-676
-681
-674
-630
-568
-499
-427
-360
-299
-245
-197
-153
-110
-84
-55
-33
-24
-18
-13
-11
-11
-13
-16
-19
-21
-24
-28
-29
-28
-23
-17
-10
-1
7
17
25
31
37
42
48
53
59
69
83
96
112
138
171
199
225
248
268
291
319
343
356
364
369
371
369
363
351
317
272
221
173
129
88
49
11
-27
-53
-72
-83
-92
-101
-110
-119
-128
-137
-143
-149
-152
-155
-158
-160
-162
-163
-163
-161
-157
-153
-148
-143
-136
-125
-114
-105
-100
-97
-95
-93
-91
-89
-87
-86
-85
-84
-83
-83
-84
-86
-87
-89
-91
-93
-95
-98
-100
-102
-106
-113
-117
-112
-99
-61
5
103
233
390
563
735
888
998
1035
982
834
610
343
73
-158
-330
-445
-518
-565
-602
-616
-623
-627
-634
-646
-657
-669
-674
-671
-662
-638
-591
-529
-456
-378
-306
-243
-190
-146
-113
-93
-77
-65
-48
-35
-25
-17
-11
-7
-4
-1
0
3
7
13
20
27
32
38
42
47
51
55
57
59
61
63
68
76
95
117
138
154
168
185
208
232
250
264
275
282
288
292
294
292
286
277
261
237
217
193
164
140
105
71
34
11
-11
-33
-55
-74
-88
-98
-107
-115
-124
-133
-142
-149
-154
-158
-161
-164
-167
-167
-162
-156
-153
-150
-148
-145
-143
-141
-139
-138
-137
-136
-135
-134
-133
-132
-130
-126
-124
-126
-132
-138
-144
-133
-100
-34
61
190
349
531
716
878
988
1018
955
804
580
313
42
-190
-369
-492
-568
-614
-626
-631
-626
-612
-603
-603
-614
-643
-678
-689
-681
-656
-605
-543
-479
-416
-354
-294
-237
-187
-145
-108
-74
-46
-32
-27
-25
-24
-24
-23
-23
-22
-21
-19
-18
-16
-15
-14
-13
-11
-9
-5
0
14
24
36
52
66
82
94
101
107
111
114
120
133
150
166
182
199
217
236
249
257
260
258
249
226
199
173
143
108
70
31
-4
-37
-68
-85
-101
-117
-128
-134
-138
-142
-145
-148
-151
-154
-158
-162
-167
-176
-188
-197
-202
-192
-161
-104
-21
90
237
412
593
754
872
924
896
777
572
303
11
-262
-478
-629
-722
-757
-758
-733
-697
-673
-664
-664
-673
-683
-692
-685
-664
-623
-568
-507
-445
-385
-325
-267
-213
-162
-118
-90
-79
-69
-64
-60
-57
-55
-52
-49
-46
-41
-31
-15
-6
-2
0
3
7
11
14
17
20
23
26
29
33
38
50
65
84
106
128
142
155
164
167
170
172
172
170
168
167
167
171
177
181
174
162
151
139
117
85
50
17
-12
-40
-66
-82
-99
-113
-121
-125
-128
-130
-130
-131
-132
-133
-134
-135
-135
-135
-135
-133
-132
-128
-130
-144
-154
-159
-162
-164
-165
-164
-161
-157
-142
-119
-110
-105
-102
-100
-102
-107
-116
-129
-143
-155
-168
-167
-145
-95
-19
87
222
382
554
719
854
928
931
875
725
513
272
30
-183
-348
-465
-549
-604
-636
-651
-656
-646
-636
-630
-626
-622
-619
-615
-607
-591
-560
-520
-472
-418
-362
-306
-253
-201
-155
-118
-89
-72
-57
-42
-31
-23
-15
-11
-8
-6
-4
-3
-3
-3
-3
-3
-4
-5
-6
-8
-9
-12
-17
-17
-10
0
12
33
55
77
100
114
137
160
173
185
198
214
229
239
245
248
246
241
227
204
178
150
119
90
66
53
33
12
-9
-29
-52
-77
-92
-107
-123
-133
-140
-144
-145
-143
-142
-139
-136
-143
-151
-157
-156
-142
-106
-47
35
147
293
460
628
771
848
851
789
627
393
121
-148
-369
-521
-612
-649
-663
-656
-634
-605
-587
-587
-604
-635
-653
-659
-648
-612
-557
-492
-420
-350
-286
-231
-186
-149
-116
-85
-58
-38
-30
-21
-14
-7
0
4
8
10
11
12
14
16
20
25
32
40
46
53
62
71
78
82
85
88
91
92
95
99
107
116
138
162
178
196
213
224
231
236
236
233
227
215
199
186
174
155
133
107
81
57
34
9
-5
-23
-40
-55
-69
-79
-88
-98
-111
-125
-136
-146
-155
-162
-169
-175
-177
-176
-173
-162
-128
-76
1
107
238
388
546
694
809
856
851
774
604
374
121
-119
-317
-464
-559
-592
-603
-593
-584
-576
-572
-577
-586
-595
-604
-599
-589
-559
-523
-487
-450
-410
-365
-318
-270
-224
-181
-144
-116
-104
-98
-93
-89
-87
-85
-83
-82
-81
-78
-66
-44
-25
-10
0
8
16
23
32
40
49
57
65
73
84
96
107
119
133
147
162
179
189
195
199
201
202
203
203
202
199
193
176
153
128
100
69
35
0
-36
-70
-96
-110
-115
-118
-120
-121
-122
-123
-122
-122
-119
-116
-112
-107
-99
-88
-83
-82
-81
-82
-86
-92
-97
-101
-104
-109
-114
-119
-121
-123
-124
-123
-115
-92
-53
8
98
218
365
526
684
817
889
894
836
686
472
225
-16
-223
-376
-477
-539
-567
-579
-586
-595
-606
-616
-626
-640
-656
-666
-660
-649
-606
-547
-480
-413
-345
-278
-217
-168
-133
-109
-96
-85
-73
-62
-55
-50
-47
-44
-35
-22
-8
1
9
17
26
35
41
44
45
45
41
33
28
22
17
14
12
12
13
17
34
63
90
117
146
173
188
202
216
226
233
234
227
207
184
158
144
123
103
81
56
33
19
6
-5
-14
-24
-36
-49
-63
-79
-97
-116
-130
-139
-143
-145
-147
-149
-151
-152
-151
-149
-144
-139
-135
-133
-131
-129
-127
-127
-126
-125
-121
-104
-69
-11
75
195
345
512
684
842
962
1015
983
854
640
372
98
-142
-327
-457
-532
-550
-554
-555
-560
-565
-574
-597
-631
-650
-657
-652
-634
-601
-560
-512
-459
-400
-338
-279
-225
-181
-146
-117
-92
-67
-50
-36
-28
-24
-21
-14
-7
-6
-5
-4
-4
-4
-4
-2
1
6
17
31
39
46
54
63
70
75
79
84
89
95
105
119
145
171
187
197
203
205
203
200
197
194
188
178
163
145
121
95
71
51
32
6
-27
-60
-85
-101
-115
-125
-135
-141
-145
-149
-152
-154
-153
-151
-147
-143
-134
-118
-106
-98
-91
-84
-71
-60
-56
-53
-50
-50
-54
-59
-64
-70
-78
-83
-86
-89
-92
-93
-93
-92
-88
-83
-77
-72
-68
-65
-62
-63
-66
-72
-78
-91
-106
-115
-120
-110
-80
-18
73
196
348
519
694
856
978
1025
1018
931
754
520
260
12
-195
-348
-445
-495
-516
-527
-541
-561
-585
-599
-609
-615
-619
-619
-616
-611
-596
-560
-510
-450
-385
-317
-251
-191
-137
-90
-51
-20
2
18
29
35
39
39
37
32
27
20
10
4
0
-3
-5
-6
-3
1
11
26
42
58
73
83
91
99
107
115
127
142
158
172
191
214
240
266
279
285
291
295
295
291
284
264
240
209
180
155
130
101
67
31
-3
-31
-57
-73
-89
-109
-120
-126
-131
-134
-135
-135
-135
-137
-140
-142
-145
-149
-151
-147
-134
-101
-40
49
170
319
483
648
790
888
919
869
732
518
261
0
-232
-418
-550
-626
-641
-639
-625
-618
-623
-643
-683
-726
-750
-753
-736
-698
-644
-579
-507
-432
-356
-283
-219
-167
-125
-91
-64
-49
-41
-37
-34
-30
-26
-22
-18
-12
-6
-1
2
7
13
20
28
32
33
33
35
38
42
45
48
48
50
54
58
63
83
109
123
136
149
162
177
204
232
242
247
242
226
213
192
172
144
110
74
44
15
-2
-20
-33
-42
-49
-59
-72
-85
-96
-106
-114
-122
-132
-146
-165
-183
-195
-199
-199
-197
-196
-195
-188
-178
-162
-147
-135
-130
-127
-127
-131
-140
-153
-155
-135
-89
-15
92
234
406
597
786
944
1031
1038
978
807
557
271
-9
-249
-429
-538
-595
-620
-630
-639
-651
-663
-673
-687
-699
-706
-705
-698
-682
-648
-608
-562
-511
-455
-397
-339
-284
-235
-194
-161
-131
-101
-84
-67
-53
-47
-44
-40
-34
-23
-7
0
3
6
8
10
10
11
13
16
20
27
36
50
65
76
84
91
102
117
133
151
171
189
204
220
231
240
241
237
226
206
180
149
117
87
62
40
19
-4
-20
-37
-52
-64
-77
-92
-110
-130
-149
-164
-173
-177
-180
-184
-188
-189
-180
-167
-150
-139
-133
-128
-123
-118
-113
-108
-111
-123
-137
-149
-145
-133
-93
-28
64
189
343
517
686
827
909
918
871
722
502
240
-22
-251
-422
-526
-573
-590
-596
-602
-612
-628
-643
-656
-666
-672
-676
-668
-645
-607
-557
-499
-435
-369
-304
-242
-189
-145
-110
-81
-59
-43
-30
-23
-20
-19
-18
-13
-6
3
10
16
21
28
33
36
38
41
43
44
45
44
43
42
42
42
43
44
49
61
83
109
139
171
201
230
241
245
249
247
238
216
190
162
136
119
103
87
63
36
10
-5
-22
-36
-56
-78
-104
-122
-138
-147
-150
-152
-153
-156
-157
-159
-161
-163
-164
-164
-164
-164
-163
-160
-155
-128
-75
5
118
259
419
587
744
867
916
909
822
641
398
134
-115
-323
-475
-574
-606
-616
-621
-624
-627
-631
-635
-638
-642
-648
-647
-638
-618
-577
-526
-471
-415
-357
-301
-249
-200
-157
-124
-97
-73
-50
-36
-25
-18
-14
-10
-6
0
9
16
21
24
27
31
35
39
42
47
52
59
68
81
92
101
113
123
133
139
144
149
156
164
176
194
209
218
224
226
230
234
229
214
189
160
129
97
67
36
7
-21
-50
-73
-86
-96
-104
-113
-123
-133
-136
-136
-135
-133
-134
-134
-136
-137
-138
-137
-135
-133
-130
-129
-129
-132
-135
-137
-139
-142
-145
-151
-151
-130
-81
-1
112
257
425
601
769
903
967
968
898
734
506
248
-10
-239
-418
-538
-609
-633
-639
-643
-648
-651
-654
-666
-691
-701
-708
-713
-702
-668
-620
-557
-484
-409
-341
-279
-223
-173
-130
-92
-62
-38
-25
-17
-13
-12
-10
-8
-7
-8
-11
-14
-18
-20
-17
-11
-5
2
8
16
27
42
57
70
78
81
84
89
95
103
113
121
129
143
158
177
191
201
209
211
208
202
193
182
165
143
116
87
59
30
2
-23
-36
-49
-64
-81
-96
-105
-110
-113
-117
-126
-141
-156
-168
-163
-137
-83
-4
101
235
392
559
717
841
904
887
781
595
350
79
-182
-407
-579
-694
-744
-748
-721
-678
-639
-618
-619
-639
-674
-700
-708
-696
-663
-605
-537
-466
-396
-328
-266
-211
-163
-123
-91
-66
-53
-46
-44
-42
-40
-37
-33
-30
-28
-25
-16
-8
5
22
32
36
39
44
48
52
60
75
84
88
91
96
101
110
123
133
140
146
157
174
188
194
199
204
208
208
203
194
169
141
115
90
77
58
38
9
-20
-40
-56
-67
-76
-80
-81
-84
-87
-89
-90
-91
-91
-92
-91
-91
-92
-94
-95
-99
-102
-105
-109
-113
-118
-123
-127
-131
-133
-134
-137
-139
-142
-143
-139
-130
-122
-116
-112
-110
-110
-111
-111
-109
-106
-103
-101
-96
-88
-76
-68
-63
-63
-67
-74
-86
-106
-128
-143
-141
-129
-71
21
141
286
448
619
781
914
992
1001
960
828
633
396
146
-88
-284
-427
-526
-595
-643
-673
-682
-687
-690
-691
-691
-692
-688
-670
-643
-608
-568
-523
-473
-418
-360
-303
-247
-193
-145
-106
-75
-49
-36
-32
-31
-31
-30
-29
-26
-24
-22
-20
-17
-13
-8
-4
0
2
4
6
8
12
19
27
39
54
69
83
100
117
137
153
174
196
221
248
263
279
287
290
294
294
286
263
236
205
175
147
124
102
78
53
27
0
-26
-46
-57
-66
-75
-86
-99
-110
-118
-120
-121
-122
-122
-121
-120
-120
-121
-120
-117
-112
-109
-106
-106
-110
-118
-125
-133
-144
-153
-156
-153
-145
-119
-59
29
148
297
467
640
798
919
976
951
835
633
369
84
-175
-374
-499
-562
-573
-575
-575
-568
-558
-546
-535
-541
-555
-575
-582
-574
-551
-504
-445
-379
-313
-250
-196
-149
-110
-79
-53
-39
-30
-21
-10
0
7
13
17
21
25
35
43
50
56
62
66
73
85
93
96
98
100
103
107
116
129
142
153
173
195
208
230
254
282
299
314
327
334
338
336
330
316
296
272
240
203
165
128
91
56
27
5
-16
-29
-46
-62
-71
-75
-78
-79
-80
-81
-84
-89
-93
-97
-102
-107
-111
-112
-111
-107
-102
-98
-95
-92
-88
-86
-82
-79
-75
-73
-71
-70
-71
-71
-72
-72
-72
-71
-68
-66
-65
-64
-63
-62
-60
-56
-54
-51
-47
-45
-44
-45
-48
-52
-57
-64
-72
-75
-78
-81
-83
-83
-79
-71
-59
-41
-24
-15
-13
-12
-11
-11
-13
-16
-18
-20
-24
-26
-23
-17
-13
-8
-3
1
5
6
5
3
1
-2
-8
-18
-28
-37
-45
-54
-65
-79
-88
-94
-97
-98
-99
-98
-95
-89
-85
-82
-79
-77
-75
-76
-80
-85
-89
-94
-98
-101
-101
-100
-98
-95
-91
-87
-82
-78
-75
-72
-69
-64
-59
-53
-46
-35
-22
-17
-14
-11
-11
-14
-19
-25
-35
-48
-53
-56
-59
-62
-64
-65
-65
-65
-66
-65
-64
-62
-61
-60
-60
-60
-60
-59
-57
-55
-53
-51
-49
-47
-44
-41
-36
-29
-23
-16
-9
-7
-11
-18
-22
-24
-27
-28
-27
-23
-18
-16
-16
-16
-14
-10
-7
-4
-2
0
3
10
37
99
190
308
449
606
770
922
1039
1082
1076
989
809
572
309
60
-148
-297
-380
-421
-438
-444
-447
-450
-455
-464
-488
-521
-553
-566
-570
-559
-522
-469
-406
-338
-269
-200
-135
-78
-32
2
29
53
67
75
78
81
83
85
86
87
89
91
94
95
96
96
96
96
99
102
103
103
104
104
104
105
107
109
116
128
138
146
155
167
181
205
227
254
283
313
340
364
380
393
401
404
402
397
381
356
328
301
275
248
217
184
153
121
101
81
63
47
31
15
-2
-22
-42
-62
-79
-95
-108
-112
-114
-116
-119
-122
-124
-124
-122
-120
-117
-114
-112
-111
-109
-106
-102
-93
-82
-74
-68
-63
-60
-58
-56
-55
-54
-53
-52
-50
-47
-45
-45
-44
-46
-50
-56
-62
-68
-74
-83
-91
-96
-100
-104
-108
-111
-115
-116
-116
-112
-108
-102
-97
-90
-84
-78
-72
-67
-62
-57
-53
-49
-45
-42
-38
-36
-33
-30
-26
-24
-22
-22
-23
-26
-30
-35
-40
-47
-58
-69
-74
-77
-80
-82
-84
-86
-87
-89
-90
-91
-92
-92
-93
-94
-95
-96
-98
-100
-103
-105
-108
-109
-110
-111
-112
-112
-110
-108
-106
-95
-46
26
126
255
409
578
748
902
1020
1068
1064
989
825
595
334
83
-129
-287
-395
-465
-517
-558
-575
-582
-585
-589
-595
-601
-609
-618
-619
-607
-576
-527
-470
-410
-348
-287
-230
-179
-134
-99
-79
-65
-56
-51
-47
-45
-43
-41
-38
-33
-27
-21
-14
-6
1
5
9
14
22
33
41
47
54
62
70
84
104
122
140
155
170
183
197
212
226
241
258
276
294
325
354
365
369
373
376
376
368
350
322
281
233
189
155
122
82
40
1
-30
-50
-66
-78
-87
-94
-99
-100
-96
-89
-85
-82
-79
-77
-75
-74
-73
-72
-70
-69
-69
-70
-71
-72
-74
-76
-78
-81
-82
-84
-86
-89
-93
-97
-102
-107
-112
-115
-119
-122
-124
-127
-129
-130
-131
-132
-132
-133
-133
-133
-133
-132
-129
-127
-123
-108
-63
1
83
191
330
496
671
835
961
1016
1012
936
762
524
257
9
-191
-330
-416
-469
-504
-525
-561
-597
-632
-654
-680
-694
-700
-704
-695
-667
-627
-577
-517
-453
-384
-314
-248
-190
-139
-94
-59
-38
-18
0
5
7
8
9
9
9
10
11
13
14
15
16
17
18
19
21
27
34
42
56
74
89
99
109
121
137
154
170
186
202
218
237
259
281
300
313
316
319
322
320
307
288
266
236
205
173
140
108
74
55
24
-8
-43
-78
-107
-121
-134
-147
-161
-177
-188
-194
-198
-201
-202
-203
-203
-203
-204
-202
-194
-186
-180
-173
-166
-161
-158
-155
-153
-151
-149
-147
-145
-144
-142
-141
-140
-137
-133
-129
-126
-124
-122
-119
-115
-110
-102
-76
-22
52
152
279
433
603
767
902
977
980
923
761
527
257
-8
-227
-381
-475
-530
-564
-592
-616
-623
-627
-630
-633
-635
-639
-646
-645
-634
-600
-547
-489
-435
-385
-332
-277
-225
-182
-148
-120
-102
-84
-71
-65
-63
-60
-56
-53
-49
-42
-31
-22
-16
-11
-6
2
16
27
32
36
40
43
47
53
66
76
84
90
98
109
124
141
161
179
193
207
219
235
246
252
255
254
251
245
224
198
173
158
132
106
78
48
19
4
-5
-14
-26
-41
-58
-73
-87
-97
-103
-108
-113
-119
-126
-134
-139
-143
-146
-148
-149
-150
-150
-149
-149
-149
-148
-146
-143
-149
-154
-158
-160
-161
-160
-157
-154
-149
-138
-125
-111
-101
-95
-88
-81
-69
-55
-45
-38
-31
-26
-23
-20
-16
-11
-3
20
76
160
272
412
574
746
906
1026
1085
1063
955
770
527
257
-2
-217
-373
-469
-525
-556
-575
-597
-608
-610
-612
-613
-610
-606
-599
-589
-571
-538
-491
-428
-359
-294
-239
-193
-154
-116
-82
-53
-38
-23
-9
4
13
16
18
17
10
0
-10
-17
-21
-24
-25
-21
-15
-8
2
13
28
46
64
79
94
107
119
132
143
157
173
188
211
238
264
278
291
303
311
317
316
309
288
258
225
197
174
150
122
88
51
17
-10
-33
-55
-77
-99
-124
-138
-145
-150
-153
-154
-153
-150
-146
-140
-132
-125
-120
-116
-113
-111
-110
-108
-108
-108
-107
-107
-107
-108
-109
-112
-116
-119
-122
-124
-126
-129
-131
-134
-136
-137
-139
-139
-139
-140
-140
-140
-141
-143
-145
-149
-152
-152
-147
-137
-107
-53
26
136
278
442
615
784
925
1010
1020
983
848
640
388
123
-118
-312
-441
-513
-551
-568
-581
-595
-610
-623
-645
-673
-685
-695
-694
-674
-639
-591
-533
-469
-400
-332
-268
-213
-167
-127
-93
-65
-49
-42
-40
-38
-36
-35
-34
-33
-30
-28
-26
-24
-22
-19
-9
6
16
21
28
36
44
52
59
64
72
86
103
120
138
155
172
188
214
242
259
276
294
307
315
318
316
311
295
272
243
210
175
138
99
63
31
4
-21
-46
-71
-86
-97
-106
-115
-125
-139
-153
-164
-167
-169
-171
-172
-172
-169
-164
-159
-156
-152
-149
-145
-142
-139
-137
-136
-136
-135
-134
-130
-122
-107
-81
-40
19
99
205
338
493
654
799
904
945
914
792
591
336
66
-180
-379
-526
-630
-682
-688
-671
-637
-613
-605
-616
-647
-686
-707
-706
-684
-634
-565
-487
-407
-333
-264
-204
-153
-111
-80
-56
-41
-26
-12
-3
2
6
10
13
18
23
31
41
45
48
49
50
52
54
57
59
59
60
60
62
65
79
102
128
144
159
170
180
193
211
231
251
263
269
273
274
273
272
268
255
233
202
169
138
111
87
64
39
13
-13
-29
-45
-61
-76
-92
-105
-113
-120
-125
-129
-132
-135
-138
-141
-143
-144
-142
-136
-129
-102
-48
32
143
284
448
622
784
908
964
931
803
589
320
45
-199
-384
-511
-590
-624
-636
-630
-612
-592
-585
-587
-598
-609
-620
-620
-609
-578
-532
-474
-408
-337
-266
-200
-146
-104
-70
-43
-28
-19
-15
-13
-11
-8
-6
-3
2
12
20
27
32
40
49
55
61
65
67
69
71
75
86
100
115
131
148
163
181
200
219
234
246
253
262
273
287
292
292
292
282
266
251
237
222
199
167
132
99
69
51
26
0
-33
-68
-100
-125
-142
-152
-158
-161
-162
-163
-163
-163
-162
-162
-161
-160
-158
-155
-151
-149
-147
-144
-142
-139
-138
-137
-135
-133
-132
-132
-131
-129
-127
-121
-113
-104
-97
-91
-86
-84
-83
-84
-84
-84
-83
-84
-88
-94
-98
-102
-107
-110
-111
-110
-107
-103
-98
-94
-91
-89
-87
-85
-83
-81
-80
-78
-78
-79
-81
-83
-85
-86
-87
-89
-91
-92
-93
-96
-97
-93
-86
-81
-76
-71
-68
-67
-67
-66
-66
-65
-65
-65
-68
-75
-83
-90
-97
-87
-59
-2
82
199
345
516
698
873
1017
1099
1108
1061
911
688
423
160
-58
-218
-325
-397
-448
-481
-493
-497
-501
-505
-511
-531
-563
-587
-594
-587
-570
-532
-484
-431
-376
-319
-266
-216
-173
-135
-98
-63
-30
-5
7
13
16
18
17
14
10
5
2
-3
-10
-13
-12
-7
-1
6
20
32
45
55
63
71
79
87
96
107
119
131
143
155
170
186
203
222
241
259
275
300
320
327
326
321
307
279
245
208
167
125
85
52
25
7
-12
-30
-40
-45
-51
-57
-63
-67
-72
-77
-81
-85
-86
-86
-86
-88
-90
-93
-93
-90
-86
-80
-75
-72
-69
-67
-64
-62
-61
-61
-61
-62
-63
-65
-69
-73
-76
-79
-81
-84
-87
-90
-92
-93
-95
-96
-98
-100
-102
-103
-102
-102
-101
-101
-100
-99
-97
-94
-91
-87
-82
-71
-63
-57
-53
-51
-48
-45
-41
-37
-34
-31
-28
-26
-25
-25
-28
-30
-34
-40
-49
-68
-89
-101
-106
-109
-96
-54
20
124
259
420
599
780
940
1057
1109
1080
966
774
528
263
16
-183
-326
-419
-476
-504
-513
-518
-522
-527
-532
-539
-548
-553
-551
-544
-528
-499
-459
-413
-362
-305
-245
-191
-144
-105
-72
-43
-18
-4
3
7
10
14
17
19
23
28
33
38
43
52
66
76
81
85
91
96
102
112
126
134
138
141
144
148
151
155
164
179
192
204
223
247
271
286
297
304
309
310
309
305
299
281
258
232
203
173
143
111
80
51
23
6
-12
-28
-39
-45
-49
-52
-54
-57
-59
-62
-66
-70
-75
-86
-100
-108
-113
-121
-132
-139
-144
-148
-152
-154
-154
-152
-147
-142
-134
-122
-102
-91
-82
-74
-66
-61
-55
-51
-48
-47
-49
-49
-49
-49
-49
-49
-49
-48
-47
-47
-47
-47
-48
-48
-49
-51
-53
-55
-58
-60
-65
-80
-94
-104
-109
-113
-116
-118
-119
-117
-112
-105
-98
-89
-82
-76
-69
-61
-50
-39
-29
-21
-18
-16
-14
-12
-11
-10
-9
-8
-8
-9
-11
-14
-18
-22
-26
-30
-34
-41
-48
-53
-56
-59
-62
-67
-69
-65
-58
-52
-45
-39
-35
-31
-28
-26
-27
-31
-40
-64
-90
-103
-115
-115
-92
-35
50
164
306
472
651
824
968
1064
1094
1047
920
720
472
203
-43
-238
-366
-436
-464
-476
-487
-497
-507
-516
-528
-544
-564
-579
-590
-590
-569
-526
-468
-398
-325
-258
-200
-152
-116
-91
-76
-64
-57
-50
-45
-36
-22
-10
-2
6
11
16
19
21
20
19
17
15
12
10
13
20
27
37
48
64
82
99
114
128
143
161
176
189
201
214
228
243
259
272
281
290
303
318
329
336
327
314
299
276
249
217
182
142
102
67
37
5
-28
-48
-65
-77
-88
-93
-95
-96
-97
-98
-100
-100
-101
-103
-104
-105
-105
-105
-105
-105
-105
-106
-107
-109
-110
-113
-119
-118
-108
-93
-71
-31
34
129
254
412
588
764
916
1008
1016
960
782
530
241
-46
-299
-494
-624
-700
-725
-733
-719
-694
-679
-676
-674
-673
-670
-665
-656
-628
-585
-529
-466
-399
-332
-267
-208
-154
-109
-73
-43
-25
-17
-15
-13
-13
-12
-12
-11
-9
-7
-5
-3
-2
-1
0
1
3
7
16
25
33
41
53
67
77
88
98
106
117
135
149
157
164
172
181
196
218
231
238
244
247
247
243
237
229
213
191
159
127
106
82
58
36
12
-13
-37
-60
-79
-93
-108
-122
-139
-153
-163
-172
-177
-181
-184
-187
-188
-189
-188
-186
-183
-178
-160
-118
-50
52
196
372
563
746
894
961
957
868
673
411
128
-133
-341
-493
-596
-642
-658
-651
-637
-624
-616
-610
-610
-617
-625
-631
-631
-623
-600
-559
-506
-447
-384
-321
-260
-203
-151
-111
-90
-74
-63
-55
-50
-48
-46
-44
-41
-38
-35
-31
-25
-15
-6
3
20
37
49
58
69
84
100
115
131
147
161
171
177
181
184
186
190
194
198
205
217
235
251
264
272
277
277
271
252
221
183
149
119
89
59
30
0
-19
-42
-61
-74
-84
-91
-94
-96
-97
-99
-101
-103
-106
-108
-111
-114
-119
-128
-134
-139
-145
-152
-158
-165
-166
-164
-162
-160
-159
-160
-162
-165
-167
-170
-169
-155
-117
-44
60
195
358
542
732
902
1024
1078
1049
936
749
509
242
-20
-245
-409
-514
-553
-564
-571
-579
-584
-591
-605
-622
-631
-638
-637
-627
-602
-564
-519
-467
-412
-355
-298
-243
-192
-147
-108
-77
-51
-30
-16
-8
-4
-1
0
3
5
7
10
12
15
17
19
22
24
27
30
32
35
37
40
42
45
47
50
55
65
81
96
111
139
166
192
217
232
242
248
252
252
249
243
228
203
174
146
123
99
71
40
13
-10
-35
-49
-63
-77
-90
-103
-116
-128
-139
-152
-159
-162
-164
-167
-168
-168
-167
-164
-161
-158
-154
-150
-145
-141
-136
-131
-127
-123
-119
-116
-112
-109
-105
-102
-99
-96
-92
-88
-84
-80
-76
-72
-68
-63
-60
-57
-54
-52
-52
-53
-55
-59
-63
-67
-72
-80
-84
-82
-79
-77
-74
-71
-68
-66
-66
-64
-62
-63
-68
-75
-74
-56
-16
44
131
253
408
586
772
946
1079
1146
1126
1010
809
549
273
19
-179
-318
-404
-455
-490
-515
-529
-540
-548
-560
-572
-584
-585
-580
-563
-534
-499
-458
-413
-366
-315
-261
-209
-158
-109
-64
-29
7
8
9
10
