106
139
172
209
228
236
243
247
250
252
254
257
260
263
266
268
269
270
272
273
275
277
280
284
287
288
287
284
279
272
264
256
242
229
217
209
204
200
196
192
188
183
179
176
172
168
163
155
141
132
127
124
121
118
115
113
112
112
114
117
121
126
143
186
257
345
426
478
496
495
475
424
349
258
148
32
-68
-118
-134
-120
-74
-23
5
30
48
59
69
78
84
83
79
75
70
68
75
88
93
96
98
101
104
107
110
111
111
111
110
109
108
105
103
100
98
95
91
83
99
114
125
135
147
158
167
175
181
188
194
200
205
209
213
217
220
223
226
229
232
235
238
242
248
259
282
305
326
338
345
350
352
352
347
339
327
306
273
243
212
181
147
121
105
91
79
70
64
59
54
48
42
36
29
23
15
9
3
0
-4
-5
-5
-5
-6
-7
-8
-10
-11
-13
-16
-19
-22
-26
-29
-31
-32
-34
-36
-38
-40
-42
-44
-47
-50
-52
-54
-56
-58
-59
-60
-62
-63
-64
-64
-64
-65
-67
-68
-70
-73
-76
-78
-79
-78
-75
-70
-64
-58
-48
-41
-42
-52
-65
-72
-79
-85
-91
-95
-97
-97
-94
-89
-84
-79
-74
-71
-68
-65
-63
-61
-59
-57
-54
-50
-47
-45
-44
-42
-41
-39
-38
-37
-37
-37
-36
-34
-33
-31
-30
-28
-24
-20
-16
-16
-19
-25
-33
-42
-53
-69
-83
-93
-98
-102
-106
-109
-111
-113
-115
-116
-117
-119
-121
-122
-122
-123
-124
-125
-127
-130
-132
-137
-147
-134
-94
-29
55
152
243
307
328
319
293
229
144
43
-62
-160
-237
-260
-268
-244
-204
-167
-154
-149
-146
-143
-140
-137
-133
-129
-126
-123
-120
-115
-111
-106
-101
-92
-84
-77
-71
-67
-63
-60
-57
-53
-50
-48
-46
-44
-42
-38
-34
-30
-27
-23
-18
-9
0
9
18
25
32
39
46
54
61
67
73
81
89
97
107
116
126
136
147
158
169
178
185
192
201
209
214
216
218
219
221
226
224
207
182
152
124
95
66
37
10
-17
-37
-49
-62
-75
-82
-87
-90
-94
-98
-102
-106
-109
-112
-115
-118
-122
-125
-128
-132
-137
-141
-144
-146
-143
-138
-130
-121
-112
-103
-91
-80
-72
-69
-67
-65
-63
-61
-60
-59
-58
-57
-56
-54
-54
-53
-52
-51
-50
-51
-53
-56
-58
-60
-62
-65
-68
-70
-70
-66
-61
-55
-50
-47
-43
-39
-35
-31
-28
-26
-23
-21
-19
-19
-19
-19
-18
-16
-14
-11
-4
-1
-2
-3
-4
-4
-5
-6
-6
-5
0
8
15
23
33
42
48
51
53
56
60
65
68
60
44
32
22
13
7
2
-2
-6
-10
-13
-16
-18
-19
-19
-18
-16
-15
-12
-9
-6
-2
0
2
3
1
-3
-10
-18
-29
-46
-54
-58
-63
-68
-56
-20
35
117
223
353
489
593
608
580
438
232
12
-166
-247
-274
-256
-201
-159
-146
-134
-122
-107
-90
-77
-63
-49
-32
-20
-11
-4
1
5
8
10
11
12
13
15
16
17
19
21
23
24
25
26
28
31
34
37
39
44
50
57
65
74
80
85
89
94
98
103
108
113
118
123
129
137
147
159
169
180
191
200
207
214
231
249
255
258
261
263
263
262
260
257
253
248
242
233
224
214
203
184
153
127
107
87
62
29
2
-14
-29
-44
-51
-55
-58
-60
-62
-63
-64
-65
-65
-66
-66
-66
-66
-66
-67
-68
-68
-69
-70
-70
-70
-70
-71
-73
-75
-81
-87
-90
-88
-81
-72
-58
-41
-34
-29
-24
-25
-38
-47
-55
-62
-66
-69
-70
-70
-72
-74
-76
-79
-79
-77
-73
-67
-61
-55
-46
-41
-42
-45
-49
-54
-47
-42
-38
-36
-34
-34
-35
-39
-44
-49
-53
-56
-61
-66
-70
-73
-74
-72
-68
-63
-58
-53
-47
-39
-31
-24
-21
-20
-21
-23
-25
-28
-32
-35
-31
-26
-22
-19
-16
-16
-19
-27
-36
-48
-67
-86
-95
-100
-104
-107
-110
-112
-114
-115
-116
-116
-116
-117
-118
-119
-119
-119
-119
-119
-119
-119
-120
-120
-119
-120
-122
-127
-109
-52
29
146
294
449
554
562
498
310
70
-160
-333
-400
-402
-345
-263
-196
-157
-147
-141
-135
-129
-123
-117
-111
-104
-95
-87
-81
-77
-74
-72
-69
-66
-63
-60
-57
-53
-49
-44
-37
-20
4
12
16
19
22
24
26
29
34
40
46
52
58
64
72
81
90
96
101
106
111
119
128
139
150
160
167
172
177
182
186
191
195
197
200
203
208
219
244
260
270
276
279
277
272
264
251
227
199
169
138
108
78
48
28
17
6
-5
-17
-26
-34
-41
-47
-54
-61
-68
-73
-75
-77
-79
-80
-82
-82
-83
-83
-83
-85
-86
-87
-87
-86
-86
-85
-86
-86
-86
-86
-86
-86
-87
-87
-88
-90
-91
-92
-94
-95
-96
-97
-98
-99
-99
-98
-98
-98
-99
-99
-100
-100
-99
-99
-98
-98
-98
-97
-96
-95
-95
-96
-97
-98
-99
-99
-99
-99
-99
-98
-96
-93
-90
-87
-86
-84
-82
-79
-76
-74
-72
-68
-62
-54
-46
-39
-34
-31
-28
-25
-22
-20
-18
-17
-14
-9
-5
-4
-8
-15
-23
-30
-39
-47
-50
-51
-50
-49
-48
-46
-44
-42
-43
-46
-52
-57
-60
-64
-68
-74
-79
-82
-85
-86
-87
-87
-86
-85
-81
-77
-72
-65
-57
-24
47
141
250
362
461
516
514
449
289
77
-139
-310
-383
-386
-328
-242
-174
-124
-93
-67
-52
-42
-35
-31
-29
-26
-25
-24
-22
-21
-19
-16
-13
-9
-6
-2
2
8
14
23
40
52
56
58
60
61
63
64
65
66
67
68
70
72
74
77
80
83
89
95
107
132
151
163
171
178
184
191
198
204
211
217
224
231
238
244
250
256
261
268
273
278
280
278
272
265
255
242
220
201
181
162
147
128
103
83
68
54
37
13
-13
-42
-60
-70
-77
-80
-80
-81
-81
-82
-82
-82
-82
-81
-81
-81
-82
-83
-83
-84
-84
-85
-85
-87
-88
-90
-91
-94
-98
-102
-102
-94
-83
-76
-69
-62
-58
-58
-60
-65
-71
-81
-96
-103
-109
-114
-113
-99
-88
-77
-73
-78
-86
-93
-100
-106
-114
-122
-131
-141
-146
-142
-131
-113
-93
-85
-80
-76
-74
-74
-75
-78
-81
-83
-86
-90
-95
-98
-100
-97
-92
-86
-80
-75
-69
-62
-55
-49
-45
-41
-38
-33
-29
-27
-27
-32
-40
-47
-52
-56
-60
-65
-70
-74
-78
-80
-82
-83
-85
-87
-90
-92
-95
-98
-98
-95
-89
-83
-78
-73
-69
-66
-64
-65
-66
-68
-70
-73
-79
-79
-67
-34
17
100
221
362
486
535
526
429
245
27
-169
-305
-334
-324
-248
-175
-139
-130
-123
-116
-109
-94
-69
-55
-47
-43
-39
-35
-31
-27
-24
-21
-19
-17
-14
-12
-9
-8
-6
-4
-1
0
4
8
12
18
31
41
52
63
74
89
106
116
123
127
127
121
112
104
95
88
84
82
75
76
103
142
164
185
205
224
244
254
259
263
266
268
269
269
268
266
263
259
255
250
241
230
215
192
164
137
108
85
73
62
52
42
30
17
5
-5
-19
-34
-45
-51
-56
-59
-62
-62
-59
-54
-49
-44
-40
-35
-30
-25
-22
-21
-22
-25
-29
-32
-35
-41
-46
-50
-50
-45
-39
-34
-33
-32
-31
-29
-25
-22
-19
-16
-14
-13
-12
-11
-10
-11
-13
-15
-17
-19
-20
-22
-24
-26
-29
-30
-32
-35
-46
-46
-31
-21
-14
-7
-2
0
0
0
2
4
7
10
11
11
8
5
2
-1
-9
-14
-8
3
9
13
17
20
22
25
28
32
37
41
45
48
51
54
58
61
64
67
71
76
82
87
92
96
98
100
101
101
102
103
103
106
112
109
91
81
74
68
62
57
54
50
47
44
41
39
37
35
31
25
18
14
15
19
24
27
30
32
34
37
40
42
45
50
67
127
217
337
475
603
667
662
573
385
162
-41
-187
-238
-240
-197
-133
-73
-42
-26
-15
-8
-8
-13
-20
-24
-29
-34
-37
-37
-34
-28
-21
-15
-10
-6
-1
3
7
10
12
12
12
12
12
10
9
7
4
1
-1
-1
8
20
27
34
40
45
50
54
58
63
67
70
74
78
83
90
98
107
116
126
138
153
165
176
182
187
191
194
196
198
199
199
198
195
190
184
178
164
134
110
95
79
61
34
-1
-21
-31
-39
-48
-60
-71
-83
-94
-106
-117
-125
-128
-130
-131
-131
-132
-133
-133
-134
-134
-134
-135
-135
-135
-134
-133
-131
-130
-129
-128
-126
-125
-123
-122
-122
-121
-120
-118
-117
-116
-116
-116
-116
-117
-117
-117
-118
-119
-120
-121
-121
-121
-120
-119
-119
-120
-122
-124
-126
-128
-129
-131
-133
-135
-136
-137
-138
-138
-138
-139
-139
-139
-139
-138
-138
-137
-136
-134
-133
-131
-129
-127
-125
-123
-122
-121
-120
-118
-116
-114
-113
-112
-112
-111
-111
-112
-113
-114
-116
-118
-120
-122
-123
-125
-127
-129
-129
-129
-129
-127
-124
-119
-114
-109
-105
-101
-98
-95
-91
-87
-82
-79
-75
-72
-70
-69
-68
-69
-72
-75
-80
-85
-91
-96
-100
-103
-106
-109
-112
-116
-121
-125
-130
-135
-140
-144
-148
-151
-152
-153
-154
-154
-155
-155
-154
-153
-152
-151
-150
-149
-147
-143
-138
-133
-129
-124
-119
-84
-13
93
225
357
439
468
434
328
141
-71
-268
-367
-400
-375
-300
-217
-188
-180
-177
-175
-172
-169
-163
-153
-144
-137
-133
-129
-127
-125
-123
-119
-116
-113
-110
-108
-105
-103
-102
-101
-101
-100
-99
-98
-97
-95
-93
-92
-91
-89
-87
-85
-83
-81
-79
-77
-72
-59
-46
-33
-21
-11
-2
6
16
26
36
46
58
73
87
100
112
122
131
139
147
155
162
168
173
178
184
188
191
193
192
188
183
176
166
147
116
89
62
41
26
8
-9
-26
-40
-46
-50
-53
-56
-59
-62
-65
-67
-68
-68
-68
-67
-65
-62
-60
-56
-53
-49
-45
-41
-38
-33
-28
-22
-18
-14
-10
-6
-3
0
2
3
4
5
6
7
8
10
11
11
11
12
13
14
14
13
12
11
10
9
8
7
6
5
5
4
4
3
3
3
3
2
2
1
0
-1
-3
-5
-8
-10
-11
-12
-13
-13
-14
-16
-18
-20
-22
-25
-33
-40
-42
-38
-32
-25
-16
-8
-2
4
13
12
2
-3
-7
-11
-14
-17
-18
-18
-17
-15
-14
-11
-8
-5
-1
1
4
7
10
15
20
25
29
32
35
37
38
40
43
45
47
49
51
53
56
58
61
63
64
65
66
67
67
68
70
73
77
83
90
93
90
82
71
58
38
21
2
-14
-21
-27
-32
-33
-27
-24
-21
-18
-16
-15
-17
-20
-24
-27
-30
-34
-39
-43
-45
-44
-41
-36
-28
-2
57
143
255
387
521
619
630
583
413
177
-65
-250
-306
-298
-207
-109
-58
-41
-53
-67
-78
-59
-46
-39
-32
-28
-25
-21
-18
-14
-9
-4
0
3
6
9
11
13
15
17
18
21
23
26
29
31
32
34
36
38
41
43
45
49
55
61
70
79
86
93
100
108
116
123
131
139
147
155
163
169
174
179
185
193
203
216
232
249
268
279
286
292
299
303
303
296
284
264
236
214
198
184
165
141
115
88
69
59
49
38
28
17
5
-4
-11
-17
-25
-35
-49
-57
-63
-68
-71
-72
-70
-64
-58
-53
-50
-48
-45
-42
-39
-37
-34
-32
-29
-27
-25
-25
-26
-27
-27
-27
-26
-26
-26
-26
-22
-21
-23
-23
-24
-26
-27
-28
-28
-27
-27
-27
-27
-26
-25
-24
-22
-22
-22
-24
-26
-28
-30
-31
-32
-33
-34
-35
-35
-35
-35
-36
-36
-37
-39
-40
-41
-43
-43
-44
-45
-48
-51
-55
-60
-71
-77
-69
-56
-47
-40
-32
-25
-22
-23
-27
-33
-41
-56
-71
-76
-81
-68
-60
-55
-50
-46
-44
-42
-40
-38
-36
-33
-30
-27
-25
-22
-14
-9
-13
-21
-24
-28
-31
-34
-35
-35
-35
-35
-34
-33
-31
-27
-24
-20
-16
-11
-5
-1
0
0
0
-1
-3
-6
-8
-6
1
14
29
47
52
56
60
63
66
67
65
60
56
52
49
45
39
33
26
19
13
10
7
5
4
3
2
1
0
-2
-4
-7
-9
-11
-13
-14
-16
-17
-18
-19
-19
-21
-24
-27
-34
-41
-44
-43
-37
-27
4
66
156
280
431
575
651
649
562
361
110
-117
-265
-293
-283
-204
-126
-78
-64
-55
-44
-36
-30
-26
-23
-18
-15
-13
-10
-8
-6
-4
-1
0
2
4
5
7
8
10
12
14
16
19
22
25
28
31
34
38
43
48
54
60
66
70
75
80
85
90
95
100
105
110
116
121
127
134
143
155
167
178
188
202
220
236
251
263
274
284
290
296
301
305
307
306
302
296
289
275
249
230
218
203
185
156
116
85
62
40
25
15
6
-4
-15
-25
-34
-44
-53
-58
-60
-61
-62
-62
-62
-62
-62
-62
-62
-62
-62
-63
-64
-65
-66
-65
-64
-62
-62
-62
-62
-61
-60
-58
-57
-56
-56
-57
-57
-56
-55
-53
-51
-50
-48
-46
-43
-41
-40
-40
-42
-44
-46
-48
-50
-53
-56
-59
-61
-64
-66
-73
-81
-86
-83
-77
-70
-65
-62
-58
-56
-54
-53
-52
-52
-52
-54
-56
-58
-61
-63
-64
-66
-68
-70
-73
-75
-77
-78
-79
-79
-79
-78
-76
-73
-71
-68
-67
-65
-63
-62
-61
-60
-59
-58
-58
-57
-55
-54
-52
-52
-51
-51
-52
-53
-55
-57
-60
-63
-66
-68
-70
-72
-75
-76
-77
-77
-76
-74
-70
-64
-58
-52
-46
-41
-37
-33
-29
-24
-19
-15
-11
-7
-3
0
0
0
-1
-4
-8
-11
-15
-19
-23
-26
-29
-31
-33
-36
-41
-46
-51
-56
-59
-61
-63
-63
-63
-62
-59
-56
-54
-52
-50
-48
-46
-42
-37
-34
-35
-40
-48
-57
-69
-88
-88
-68
-11
67
169
289
415
523
553
537
427
249
50
-124
-225
-262
-263
-238
-200
-151
-118
-96
-80
-68
-57
-46
-31
-10
4
16
26
32
32
28
23
18
14
8
4
0
0
2
10
20
29
34
39
44
48
53
57
61
64
68
71
74
78
81
83
86
89
91
95
98
102
108
114
121
127
133
138
145
153
165
185
202
214
224
234
245
256
264
272
279
285
289
289
285
279
270
259
237
198
172
155
138
122
103
82
64
51
41
29
13
-4
-23
-42
-57
-67
-74
-78
-80
-82
-85
-88
-91
-94
-95
-95
-94
-93
-92
-90
-86
-81
-76
-71
-68
-66
-63
-58
-51
-44
-40
-40
-42
-44
-46
-48
-49
-51
-53
-55
-57
-58
-58
-58
-58
-58
-57
-56
-56
-54
-53
-51
-50
-50
-51
-52
-53
-54
-55
-56
-58
-59
-60
-61
-61
-62
-63
-65
-68
-70
-72
-74
-75
-77
-79
-81
-82
-83
-82
-82
-83
-83
-84
-84
-84
-85
-85
-86
-87
-88
-88
-87
-85
-84
-83
-82
-81
-81
-81
-82
-83
-84
-84
-85
-85
-85
-86
-86
-86
-87
-90
-93
-93
-85
-73
-59
-42
-36
-34
-30
-26
-52
-70
-80
-89
-96
-101
-102
-99
-95
-89
-82
-76
-68
-55
-43
-34
-27
-21
-16
-10
-6
-2
-2
-4
-7
-11
-14
-16
-18
-20
-23
-25
-26
-27
-28
-30
-33
-37
-40
-43
-47
-52
-56
-60
-64
-67
-69
-71
-74
-78
-81
-84
-87
-89
-91
-92
-93
-92
-90
-87
-83
-79
-73
-67
-61
-53
-35
5
76
181
317
456
553
561
506
336
122
-81
-231
-282
-281
-228
-170
-141
-125
-116
-102
-83
-66
-48
-40
-46
-59
-67
-74
-80
-84
-85
-82
-74
-66
-58
-54
-51
-47
-44
-41
-37
-33
-28
-25
-22
-20
-18
-17
-15
-14
-12
-10
-8
-5
-1
3
8
14
21
30
38
46
54
62
69
75
80
85
90
97
108
125
145
163
178
191
203
209
214
217
221
223
225
226
224
221
216
209
201
191
179
157
139
125
101
67
31
-4
-23
-31
-38
-44
-48
-53
-58
-61
-64
-69
-74
-85
-103
-107
-110
-112
-115
-116
-116
-112
-107
-103
-102
-101
-100
-98
-96
-94
-92
-90
-87
-84
-81
-78
-76
-74
-73
-71
-70
-68
-67
-66
-65
-64
-62
-59
-57
-55
-53
-52
-51
-50
-51
-52
-54
-56
-57
-58
-58
-58
-58
-57
-57
-56
-56
-56
-58
-60
-61
-63
-63
-64
-65
-65
-66
-66
-65
-63
-62
-62
-62
-63
-63
-64
-65
-66
-68
-69
-69
-68
-66
-64
-62
-60
-58
-57
-55
-53
-53
-53
-53
-53
-52
-49
-46
-44
-44
-45
-46
-47
-49
-51
-56
-59
-54
-45
-41
-39
-37
-35
-33
-31
-29
-27
-25
-23
-21
-20
-18
-17
-15
-14
-13
-14
-14
-15
-15
-14
-12
-10
-7
-5
-3
0
3
8
11
14
17
21
26
34
49
71
71
71
72
73
74
76
75
71
66
61
59
57
55
52
48
44
41
38
35
32
28
24
21
19
17
13
7
0
-7
-10
-9
-7
-3
0
4
8
13
17
19
19
19
16
12
0
1
40
107
207
341
497
640
707
700
597
388
146
-64
-200
-236
-230
-190
-147
-94
-43
-20
-9
0
5
8
11
13
14
14
13
12
10
7
3
0
-4
-10
-16
-16
-7
4
15
27
38
46
53
57
61
64
66
69
71
73
74
76
78
80
82
84
87
90
93
98
105
113
122
132
142
152
162
172
183
193
204
213
221
230
238
246
255
265
282
304
308
310
312
313
312
304
292
271
242
215
184
159
143
126
107
89
70
53
38
22
7
-8
-25
-41
-55
-64
-67
-69
-70
-73
-75
-76
-76
-75
-73
-72
-71
-71
-71
-71
-69
-67
-66
-65
-65
-64
-63
-63
-63
-63
-64
-64
-64
-63
-63
-63
-63
-63
-62
-60
-58
-57
-56
-55
-55
-55
-54
-54
-54
-55
-57
-58
-59
-60
-60
-60
-60
-60
-60
-61
-61
-62
-63
-65
-67
-69
-71
-72
-73
-74
-74
-74
-73
-72
-71
-70
-69
-69
-70
-70
-70
-71
-72
-73
-75
-75
-75
-76
-77
-79
-81
-82
-82
-80
-79
-79
-80
-80
-81
-80
-80
-80
-79
-79
-79
-78
-76
-75
-73
-72
-71
-70
-69
-68
-67
-66
-66
-65
-65
-65
-64
-64
-64
-63
-62
-60
-58
-56
-54
-51
-48
-46
-44
-42
-40
-35
-28
-22
-15
-10
-5
-1
2
6
9
10
12
15
19
23
26
27
26
24
20
15
11
7
2
-2
-7
-12
-18
-23
-28
-33
-38
-44
-48
-49
-47
-43
-38
-34
-31
-26
-21
-15
-11
-10
-11
-13
-16
-19
-22
-29
-34
-29
-12
39
109
213
347
486
593
608
574
411
183
-52
-232
-298
-298
-227
-144
-86
-72
-63
-57
-51
-44
-36
-29
-22
-16
-11
-6
-2
1
3
6
8
10
13
17
21
25
28
31
33
35
37
39
42
45
48
51
54
57
61
64
67
71
74
76
79
81
85
89
93
97
101
108
116
126
138
151
162
172
182
192
201
209
217
224
231
238
246
254
263
271
280
290
303
316
322
318
309
295
271
232
191
156
123
90
65
46
28
12
0
-10
-22
-29
-35
-40
-45
-49
-53
-57
-61
-66
-71
-76
-81
-86
-90
-95
-97
-98
-97
-93
-88
-82
-78
-74
-70
-65
-61
-56
-53
-51
-51
-51
-51
-52
-52
-53
-54
-55
-58
-61
-62
-60
-56
-52
-50
-47
-44
-41
-38
-39
-44
-51
-58
-63
-69
-75
-81
-85
-87
-85
-82
-78
-73
-70
-65
-60
-55
-52
-52
-54
-57
-61
-63
-66
-69
-71
-73
-74
-75
-74
-74
-73
-71
-68
-65
-61
-58
-55
-52
-47
-43
-40
-38
-39
-40
-42
-45
-47
-49
-53
-56
-51
-43
-39
-37
-35
-33
-32
-31
-31
-30
-29
-28
-28
-27
-26
-25
-23
-22
-20
-18
-16
-14
-13
-12
-9
-5
0
13
24
33
39
44
50
53
53
45
33
21
15
10
6
2
-2
-8
-14
-19
-24
-28
-32
-35
-38
-40
-42
-43
-44
-45
-48
-52
-56
-59
-63
-65
-67
-69
-69
-68
-65
-61
-54
-47
-40
-32
-14
25
91
181
297
422
516
548
519
431
247
40
-140
-264
-299
-294
-236
-166
-104
-74
-56
-43
-35
-29
-23
-17
-11
-11
-14
-19
-23
-28
-32
-33
-30
-22
-16
-12
-9
-5
0
3
7
11
15
19
22
25
28
30
31
33
35
37
40
43
46
50
54
58
62
65
68
72
76
81
87
97
108
118
128
140
156
179
195
208
218
226
235
242
247
252
256
260
263
263
262
257
250
240
229
212
182
163
146
128
109
85
55
36
24
13
1
-11
-34
-61
-69
-71
-74
-75
-77
-78
-79
-80
-82
-83
-84
-85
-84
-83
-81
-80
-79
-78
-76
-74
-73
-72
-72
-72
-72
-71
-70
-69
-68
-67
-66
-64
-62
-60
-58
-57
-57
-56
-54
-52
-50
-49
-49
-49
-49
-48
-46
-45
-45
-45
-45
-45
-45
-44
-45
-46
-48
-49
-51
-52
-54
-57
-59
-61
-62
-63
-63
-63
-63
-63
-63
-62
-62
-61
-62
-63
-65
-66
-67
-68
-68
-68
-68
-68
-67
-66
-65
-63
-62
-61
-60
-60
-59
-58
-58
-57
-57
-57
-57
-56
-56
-55
-55
-55
-54
-52
-50
-49
-49
-52
-56
-61
-66
-73
-79
-79
-70
-59
-53
-48
-44
-40
-36
-33
-29
-25
-22
-19
-16
-14
-12
-10
-9
-8
-6
-4
-2
0
1
4
6
8
9
10
9
8
5
1
-1
-5
-8
-13
-18
-22
-28
-34
-40
-45
-50
-54
-57
-59
-61
-63
-66
-68
-71
-73
-75
-76
-78
-80
-82
-82
-82
-80
-77
-72
-67
-60
-33
18
89
182
299
431
552
602
588
465
247
7
-189
-280
-288
-236
-152
-99
-87
-79
-73
-69
-64
-59
-54
-48
-43
-39
-37
-34
-33
-31
-29
-27
-26
-25
-24
-22
-19
-16
-13
-12
-10
-8
-6
-4
-2
0
1
5
15
26
38
49
56
62
67
72
77
81
85
87
89
92
96
99
103
106
110
116
123
131
139
148
157
172
196
221
243
262
270
273
276
279
282
284
284
278
268
257
243
225
210
198
177
150
125
100
81
66
49
29
-2
-35
-56
-66
-69
-71
-73
-75
-76
-77
-78
-79
-80
-81
-82
-82
-83
-83
-84
-84
-82
-80
-78
-77
-76
-76
-75
-74
-72
-70
-69
-69
-69
-66
-63
-58
-55
-53
-53
-53
-54
-55
-56
-59
-65
-56
-51
-48
-45
-42
-41
-41
-41
-42
-43
-45
-49
-53
-58
-62
-65
-68
-71
-74
-77
-79
-79
-78
-76
-73
-71
-68
-66
-64
-63
-61
-59
-57
-56
-54
-52
-51
-51
-52
-53
-55
-56
-58
-60
-61
-62
-63
-63
-64
-64
-65
-69
-72
-71
-68
-64
-63
-62
-62
-61
-60
-58
-56
-54
-51
-49
-47
-45
-43
-40
-38
-35
-32
-27
-21
-15
-9
-1
4
10
16
22
27
30
32
31
27
23
17
12
7
4
0
-2
-3
-4
-6
-8
-11
-16
-20
-23
-26
-28
-31
-35
-39
-42
-45
-48
-56
-66
-72
-78
-83
-88
-96
-100
-97
-91
-87
-83
-79
-74
-70
-67
-60
-36
13
91
202
330
445
505
507
455
317
133
-52
-196
-250
-267
-239
-191
-144
-117
-102
-89
-75
-62
-56
-51
-45
-41
-38
-35
-33
-30
-28
-25
-22
-19
-17
-15
-14
-12
-10
-9
-7
-6
-5
-4
-2
0
2
4
7
9
11
13
16
18
20
23
27
31
38
52
67
85
97
106
114
121
128
133
139
145
154
166
178
191
200
207
214
219
224
227
231
235
239
243
246
247
245
239
230
219
203
178
159
134
105
83
66
50
29
3
-18
-33
-45
-50
-54
-56
-59
-61
-63
-66
-68
-70
-72
-73
-74
-75
-77
-80
-84
-86
-86
-84
-82
-80
-78
-76
-75
-74
-73
-72
-72
-71
-71
-70
-68
-67
-66
-65
-63
-60
-58
-57
-56
-55
-54
-53
-52
-52
-51
-49
-48
-46
-44
-42
-40
-38
-36
-35
-34
-35
-35
-35
-35
-35
-35
-35
-35
-35
-34
-34
-33
-33
-34
-35
-35
-37
-38
-40
-42
-45
-46
-47
-48
-49
-50
-51
-51
-53
-55
-58
-61
-62
-62
-60
-58
-55
-53
-51
-48
-45
-42
-39
-38
-38
-38
-38
-39
-40
-41
-42
-43
-44
-45
-45
-45
-44
-44
-43
-41
-39
-36
-33
-30
-26
-23
-20
-16
-12
-6
0
4
8
11
12
14
15
17
19
21
22
24
26
29
32
36
40
43
47
51
57
64
70
72
69
64
58
50
40
23
8
2
-1
-4
-6
-8
-9
-11
-12
-14
-16
-18
-21
-22
-24
-25
-27
-30
-33
-36
-39
-42
-46
-52
-57
-62
-64
-65
-64
-62
-58
-53
-45
-15
33
107
214
348
492
611
665
623
475
253
13
-185
-287
-300
-258
-177
-108
-71
-62
-55
-51
-48
-45
-44
-41
-39
-37
-34
-32
-30
-30
-29
-28
-26
-24
-22
-19
-17
-15
-13
-11
-9
-7
-5
-3
0
4
9
14
20
26
33
39
44
50
55
60
65
71
76
82
88
93
100
106
112
118
124
130
136
142
149
155
161
168
179
195
211
226
241
254
263
271
276
276
269
256
235
205
187
178
169
159
149
130
100
77
63
50
40
23
-7
-30
-43
-51
-57
-61
-64
-66
-67
-68
-69
-70
-72
-74
-75
-76
-77
-77
-78
-78
-78
-77
-77
-76
-76
-76
-76
-77
-78
-79
-79
-78
-76
-75
-73
-71
-70
-68
-65
-63
-61
-55
-40
-34
-30
-28
-26
-26
-29
-34
-41
-53
-76
-92
-103
-108
-103
-94
-88
-82
-77
-73
-70
-66
-63
-58
-51
-52
-63
-69
-73
-77
-79
-82
-83
-83
-83
-83
-83
-83
-82
-81
-80
-80
-80
-80
-81
-82
-82
-81
-81
-81
-81
-81
-81
-80
-79
-77
-76
-75
-75
-74
-74
-73
-73
-73
-71
-70
-68
-66
-65
-63
-62
-61
-60
-61
-62
-63
-63
-63
-63
-63
-63
-62
-60
-60
-61
-62
-64
-65
-66
-66
-61
-55
-48
-42
-32
-28
-31
-37
-40
-43
-46
-49
-51
-51
-49
-46
-42
-38
-35
-31
-28
-25
-22
-19
-16
-14
-12
-9
-5
0
9
29
42
51
55
49
38
32
27
22
18
14
10
8
6
4
2
0
-1
-2
-3
-5
-8
-10
-12
-12
-11
-9
-8
-6
-5
-4
-3
0
1
3
3
2
1
0
-1
-3
-5
-10
-9
4
46
112
209
334
469
590
654
654
583
414
189
-38
-206
-252
-244
-152
-55
-12
-3
3
8
12
15
19
22
25
26
28
30
32
34
37
40
43
46
49
51
53
54
55
55
56
56
57
57
58
59
61
64
67
71
75
80
88
103
112
118
120
122
125
128
134
140
147
155
166
182
192
199
204
207
211
214
220
225
232
241
258
289
305
312
318
322
324
325
326
325
321
316
308
299
280
246
217
187
157
122
95
79
66
57
48
38
25
4
-13
-26
-35
-42
-47
-48
-50
-51
-53
-56
-58
-60
-62
-64
-67
-68
-70
-70
-70
-70
-71
-74
-78
-81
-82
-80
-76
-72
-69
-68
-66
-63
-60
-57
-54
-52
-49
-47
-45
-44
-45
-46
-48
-50
-52
-53
-54
-54
-52
-49
-47
-50
-57
-60
-63
-66
-69
-73
-75
-77
-78
-78
-77
-76
-73
-70
-65
-60
-56
-53
-49
-41
-34
-35
-42
-52
-61
-73
-82
-90
-97
-105
-109
-101
-86
-78
-72
-66
-61
-57
-55
-56
-59
-63
-68
-73
-76
-80
-85
-89
-92
-94
-94
-92
-90
-88
-85
-82
-79
-75
-72
-70
-68
-66
-65
-64
-63
-62
-63
-64
-65
-67
-68
-69
-70
-72
-75
-78
-82
-86
-97
-96
-80
-72
-68
-65
-62
-59
-56
-54
-50
-46
-41
-36
-32
-30
-29
-27
-24
-20
-16
-12
-10
-7
-4
0
3
6
8
8
8
9
9
10
10
10
10
11
12
13
12
10
6
0
-7
-14
-22
-35
-44
-48
-50
-52
-52
-53
-53
-54
-54
-54
-53
-51
-48
-46
-43
-39
-35
-30
-27
-27
-31
-39
-51
-72
-98
-114
-124
-108
-59
36
170
331
495
626
682
636
480
243
-12
-218
-315
-325
-279
-196
-129
-75
-56
-51
-48
-46
-44
-43
-44
-47
-51
-55
-61
-64
-56
-40
-24
-7
3
10
14
16
18
20
21
21
22
23
24
27
29
32
35
38
41
45
48
52
55
60
65
71
77
83
89
93
97
100
104
107
110
115
124
135
149
163
177
190
204
218
232
246
260
269
276
282
287
290
292
291
288
282
273
263
243
206
178
157
136
115
93
61
39
26
16
6
-3
-13
-22
-32
-43
-57
-71
-82
-92
-101
-112
-120
-120
-111
-102
-99
-96
-92
-88
-84
-81
-79
-77
-75
-73
-71
-71
-72
-73
-74
-75
-74
-74
-73
-71
-70
-68
-66
-65
-65
-65
-66
-66
-65
-64
-63
-62
-61
-60
-58
-58
-57
-57
-57
-58
-60
-61
-63
-64
-64
-64
-63
-64
-65
-66
-68
-69
-71
-72
-74
-75
-77
-78
-79
-79
-79
-79
-80
-80
-80
-80
-81
-82
-83
-84
-83
-83
-82
-82
-82
-81
-81
-80
-79
-78
-78
-77
-77
-77
-76
-76
-75
-74
-73
-72
-71
-71
-70
-69
-68
-68
-67
-66
-66
-65
-64
-63
-63
-62
-61
-60
-58
-57
-55
-53
-51
-49
-46
-43
-41
-38
-35
-31
-26
-20
-15
-10
-7
-3
-1
1
4
6
9
12
14
16
17
18
19
19
18
16
13
10
6
3
0
-2
-5
-8
-11
-13
-14
-16
-19
-21
-24
-27
-29
-32
-35
-38
-41
-42
-43
-42
-41
-39
-38
-38
-37
-35
-33
-30
-26
-22
-17
-11
22
82
159
252
358
465
530
530
466
304
98
-94
-227
-266
-278
-253
-212
-166
-122
-74
-40
-22
-9
0
7
14
17
19
21
23
24
25
25
25
25
25
26
26
27
27
28
30
32
35
37
39
41
44
46
49
52
54
57
60
63
68
73
78
82
87
91
96
100
103
105
108
111
115
121
129
144
160
176
193
210
224
236
243
249
253
257
259
261
262
262
262
260
256
250
243
235
225
209
179
161
138
110
84
55
35
23
13
1
-9
-30
-54
-60
-62
-65
-67
-69
-70
-71
-71
-72
-73
-74
-75
-75
-74
-73
-72
-72
-72
-71
-70
-69
-68
-68
-68
-67
-67
-66
-64
-62
-61
-60
-60
-59
-58
-57
-56
-55
-55
-55
-56
-56
-55
-54
-52
-52
-51
-50
-49
-49
-48
-48
-49
-50
-52
-54
-55
-57
-58
-59
-60
-62
-64
-66
-70
-79
-85
-82
-75
-71
-67
-63
-59
-58
-58
-63
-69
-76
-83
-89
-95
-103
-110
-114
-114
-111
-104
-97
-91
-84
-75
-66
-60
-57
-56
-54
-53
-51
-49
-50
-55
-61
-66
-71
-75
-79
-81
-79
-76
-70
-64
-58
-49
-41
-38
-39
-41
-44
-45
-47
-48
-50
-52
-53
-54
-54
-55
-54
-52
-48
-42
-36
-29
-23
-17
-8
1
9
15
19
23
30
42
41
24
16
12
8
4
2
0
-2
-5
-10
-14
-18
-22
-25
-27
-30
-33
-36
-40
-44
-50
-57
-61
-64
-64
-62
-58
-54
-48
-41
-28
-20
-26
-39
-51
-65
-71
-68
-60
-40
17
101
211
340
470
574
617
570
427
215
-9
-186
-266
-272
-219
-137
-68
-33
-21
-15
-15
-23
-32
-40
-47
-54
-57
-54
-46
-39
-34
-30
-26
-22
-18
-13
-8
-3
0
4
8
12
15
19
23
27
31
36
41
45
48
51
54
57
60
64
68
71
74
78
81
83
85
86
88
92
96
105
122
141
160
179
201
214
223
229
234
238
241
243
245
246
248
250
252
255
259
260
256
247
234
215
184
156
127
103
84
62
43
26
13
2
-9
-23
-39
-50
-58
-65
-70
-74
-77
-79
-81
-83
-85
-87
-87
-87
-86
-85
-82
-79
-75
-71
-67
-65
-63
-61
-60
-57
-54
-52
-50
-49
-49
-48
-47
-46
-46
-45
-45
-44
-44
-43
-42
-41
-41
-41
-41
-41
-40
-39
-39
-38
-34
-32
-35
-41
-43
-44
-46
-48
-50
-51
-51
-52
-53
-54
-54
-54
-52
-51
-51
-52
-53
-54
-55
-55
-56
-57
-58
-59
-59
-59
-59
-60
-61
-62
-63
-63
-63
-64
-69
-67
-51
-41
-34
-27
-22
-19
-19
-22
-26
-31
-36
-41
-47
-53
-59
-62
-62
-59
-55
-50
-46
-42
-37
-32
-27
-23
-21
-20
-19
-18
-17
-18
-18
-18
-18
-17
-16
-15
-14
-13
-12
-10
-6
-2
1
4
8
15
24
32
38
44
51
59
63
57
44
34
25
16
8
0
-8
-15
-21
-27
-33
-37
-39
-41
-43
-45
-46
-48
-49
-49
-50
-52
-55
-59
-62
-65
-66
-66
-66
-66
-64
-62
-60
-56
-52
-49
-46
-37
-9
51
141
262
401
532
613
619
563
405
191
-34
-214
-295
-303
-265
-194
-124
-94
-82
-76
-70
-63
-54
-42
-23
0
7
13
18
20
16
8
3
0
-4
-7
-9
-8
-4
1
8
13
17
20
24
28
32
35
37
40
43
46
48
50
51
53
55
57
60
62
67
75
84
93
103
113
122
133
145
159
171
182
192
201
208
215
227
242
252
257
260
264
266
267
267
266
263
258
252
244
232
210
191
166
136
107
77
48
12
-13
-27
-37
-45
-52
-58
-61
-64
-67
-71
-74
-77
-79
-81
-82
-83
-83
-84
-85
-84
-84
-84
-86
-88
-90
-90
-88
-82
-76
-71
-69
-67
-65
-63
-61
-60
-59
-58
-56
-55
-54
-54
-54
-53
-53
-53
-53
-54
-55
-56
-56
-55
-55
-55
-55
-55
-54
-53
-53
-52
-53
-54
-56
-58
-59
-60
-61
-61
-62
-62
-62
-61
-61
-61
-62
-64
-66
-68
-70
-72
-74
-75
-76
-76
-76
-76
-75
-74
-72
-71
-69
-68
-68
-67
-67
-66
-66
-66
-66
-65
-63
-61
-59
-58
-58
-58
-57
-56
-56
-55
-56
-56
-56
-56
-55
-54
-53
-52
-52
-52
-52
-51
-51
-51
-50
-50
-48
-46
-43
-40
-38
-35
-30
-25
-20
-14
-9
-5
-2
2
7
12
16
18
18
17
16
15
14
13
10
7
4
2
1
2
2
3
3
5
9
-14
-36
-52
-63
-66
-66
-67
-66
-66
-67
-68
-69
-71
-71
-69
-67
-64
-62
-60
-57
-54
-51
-47
-45
-41
-36
-14
40
118
219
334
445
525
534
497
363
175
-23
-188
-277
-287
-254
-182
-145
-136
-130
-120
-109
-94
-64
-23
-5
5
12
16
17
14
12
11
10
9
7
4
2
0
0
-1
0
1
5
10
16
21
25
29
32
35
39
43
46
49
52
54
57
61
65
69
73
79
90
102
113
124
133
141
149
157
166
174
183
192
203
213
220
227
231
234
236
239
241
243
244
243
241
237
233
227
221
213
198
181
161
132
93
61
38
21
5
-11
-39
-53
-60
-67
-73
-77
-81
-83
-84
-83
-83
-83
-83
-83
-81
-79
-78
-76
-76
-74
-69
-64
-62
-65
-70
-75
-79
-83
-85
-83
-80
-76
-74
-71
-68
-65
-63
-60
-58
-56
-54
-53
-51
-51
-50
-47
-39
-40
-56
-65
-73
-80
-85
-86
-84
-81
-79
-78
-78
-78
-77
-75
-74
-73
-73
-73
-73
-72
-71
-72
-73
-75
-76
-77
-78
-78
-78
-79
-80
-80
-79
-78
-78
-78
-78
-78
-77
-76
-75
-75
-75
-75
-74
-73
-72
-71
-71
-70
-70
-70
-69
-68
-68
-67
-66
-64
-63
-61
-59
-58
-56
-54
-51
-48
-44
-37
-29
-21
-14
-9
-7
-6
-6
-6
-7
-7
-8
-8
-8
-7
-8
-8
-9
-10
-11
-14
-17
-22
-27
-32
-36
-39
-42
-43
-45
-47
-49
-51
-54
-57
-60
-63
-66
-67
-68
-68
-67
-67
-66
-65
-63
-61
-60
-59
-58
-56
-55
-53
-51
-35
14
99
219
362
500
583
585
512
324
89
-135
-291
-326
-319
-248
-167
-97
-62
-47
-39
-34
-30
-25
-19
-13
-8
-4
-1
2
4
6
7
10
13
16
19
21
23
25
27
29
33
36
41
48
57
66
75
83
89
92
95
98
101
103
104
106
108
111
114
117
119
121
122
124
127
132
138
152
186
208
221
232
246
258
268
276
284
291
296
300
303
306
311
319
323
318
306
287
259
231
202
170
145
127
105
88
77
68
60
47
27
2
-22
-41
-52
-59
-64
-68
-70
-72
-73
-73
-74
-74
-74
-73
-70
-66
-62
-59
-56
-52
-48
-44
-41
-39
-38
-39
-40
-41
-44
-46
-51
-53
-49
-43
-41
-39
-37
-35
-33
-31
-29
-28
-27
-26
-25
-25
-26
-29
-31
-33
-34
-35
-36
-38
-39
-41
-41
-41
-41
-42
-43
-44
-44
-45
-45
-46
-47
-48
-49
-49
-49
-50
-50
-50
-50
-50
-51
-51
-52
-54
-55
-57
-63
-67
-63
-54
-50
-48
-46
-44
-42
-39
-37
-35
-33
-31
-30
-30
-30
-30
-30
-30
-30
-29
-27
-25
-24
-25
-26
-29
-32
-36
-42
-46
-43
-36
-31
-27
-24
-20
-17
-12
-6
0
5
11
16
20
25
29
32
35
36
37
37
37
36
33
30
28
25
23
20
17
14
11
8
5
2
0
-3
-7
-11
-15
-19
-24
-30
-35
-39
-40
-42
-44
-47
-52
-56
-58
-56
-52
-46
-41
-35
-31
-31
-34
-40
-49
-59
-47
-11
54
152
280
422
549
608
603
513
335
117
-90
-242
-284
-276
-190
-96
-40
-19
-20
-36
-48
-60
-68
-68
-59
-50
-43
-38
-33
-30
-28
-26
-23
-21
-19
-17
-15
-13
-11
-10
-8
-7
-5
-3
0
1
2
3
4
5
8
10
13
16
18
21
23
27
30
34
37
42
50
59
66
73
86
110
126
133
139
146
154
162
170
179
188
198
204
210
215
220
225
230
233
232
228
223
217
210
199
183
158
123
95
73
54
32
4
-23
-51
-69
-80
-87
-93
-97
-100
-102
-105
-107
-110
-112
-114
-115
-115
-116
-117
-117
-117
-116
-116
-116
-117
-119
-121
-121
-116
-110
-103
-99
-95
-91
-86
-81
-76
-70
-65
-59
-54
-49
-45
-42
-40
-38
-37
-36
-35
-33
-31
-30
-28
-27
-26
-24
-24
-23
-23
-23
-23
-24
-24
-24
-25
-25
-26
-27
-27
-28
-27
-27
-27
-27
-28
-29
-30
-32
-33
-35
-36
-38
-41
-43
-45
-47
-50
-55
-59
-62
-63
-62
-58
-52
-46
-40
-29
-21
-21
-25
-30
-32
-33
-34
-36
-37
-38
-39
-40
-40
-40
-40
-40
-38
-36
-35
-34
-34
-35
-35
-35
-35
-36
-37
-38
-39
-40
-40
-40
-40
-40
-42
-45
-49
-51
-51
-45
-35
-27
-23
-20
-17
-13
-9
-4
0
3
6
9
11
13
14
14
13
12
10
9
7
6
4
4
4
5
5
4
3
0
-1
-5
-8
-12
-17
-24
-32
-40
-48
-53
-59
-66
-72
-76
-78
-77
-75
-73
-70
-68
-66
-63
-59
-56
-52
-49
-45
-42
-37
-32
-24
6
62
145
258
390
518
592
593
517
335
112
-94
-235
-259
-249
-174
-97
-73
-63
-69
-91
-104
-103
-81
-69
-61
-54
-49
-45
-42
-38
-34
-31
-27
-24
-21
-18
-14
-10
-7
-6
-6
-5
-4
-1
0
3
4
6
9
14
21
27
33
37
42
47
52
59
65
71
76
80
84
89
95
104
123
138
147
153
158
163
169
175
181
189
197
210
232
247
256
264
269
272
272
268
260
248
226
194
176
165
153
140
120
87
59
41
28
19
5
-16
-40
-67
-83
-92
-99
-104
-106
-106
-104
-100
-96
-92
-86
-80
-79
-83
-89
-93
-98
-102
-105
-103
-98
-93
-91
-90
-88
-87
-84
-82
-78
-75
-73
-71
-69
-68
-66
-65
-65
-64
-64
-64
-63
-62
-61
-59
-58
-57
-56
-54
-53
-52
-51
-51
-52
-53
-53
-54
-55
-55
-55
-55
-54
-53
-53
-53
-53
-54
-54
-55
-56
-57
-59
-60
-61
-61
-61
-61
-62
-62
-62
-63
-63
-64
-66
-67
-69
-71
-71
-71
-71
-70
-71
-71
-71
-72
-71
-72
-72
-73
-73
-73
-73
-72
-70
-69
-68
-68
-67
-65
-63
-61
-60
-59
-58
-57
-56
-54
-53
-52
-51
-49
-46
-43
-41
-40
-41
-43
-46
-50
-53
-57
-64
-68
-60
-43
-31
-19
-9
-1
3
7
10
13
15
16
18
19
21
22
24
25
25
24
22
20
17
13
9
5
1
-1
-3
-5
-8
-10
-12
-13
-14
-15
-17
-20
-22
-24
-26
-27
-27
-28
-29
-28
-27
-26
-25
-24
-23
-22
-20
-18
-15
-12
-8
-4
0
4
20
59
126
210
311
420
519
535
516
372
164
-45
-193
-230
-221
-173
-141
-125
-116
-106
-92
-69
-35
-9
6
14
11
7
3
0
-3
-5
-4
2
11
18
22
24
26
29
32
35
38
40
41
42
43
46
48
50
51
52
53
55
58
60
61
63
66
71
79
88
96
103
111
118
126
136
147
159
170
180
189
198
206
213
219
224
229
236
245
254
262
270
276
284
289
289
282
270
250
222
205
194
180
163
136
99
67
44
25
7
-10
-29
-37
-41
-45
-48
-50
-51
-52
-54
-56
-59
-62
-64
-66
-66
-66
-66
-67
-67
-67
-68
-70
-74
-77
-80
-81
-80
-78
-74
-71
-68
-65
-61
-56
-52
-49
-47
-46
-47
-47
-47
-47
-46
-45
-43
-40
-37
-37
-38
-40
-42
-46
-49
-51
-52
-52
-50
-48
-45
-38
-39
-54
-62
-67
-72
-76
-78
-80
-80
-81
-81
-81
-79
-77
-74
-72
-70
-66
-62
-59
-59
-62
-67
-72
-74
-75
-76
-78
-79
-81
-82
-84
-85
-87
-88
-90
-90
-89
-86
-83
-81
-78
-75
-71
-67
-63
-61
-59
-57
-56
-53
-51
-48
-45
-43
-40
-36
-32
-27
-23
-19
-16
-14
-12
-11
-10
-8
-6
-4
-2
0
4
8
12
15
18
19
20
21
21
22
23
23
23
24
27
31
31
23
11
2
-7
-15
-23
-30
-36
-42
-48
-53
-57
-59
-59
-58
-55
-52
-48
-44
-38
-32
-29
-31
-37
-45
-53
-63
-68
-64
-52
-18
35
105
189
286
388
480
525
519
443
275
69
-110
-212
-246
-233
-192
-130
-69
-51
-45
-41
-47
-54
-60
-62
-51
-33
-24
-19
-14
-11
-9
-5
-1
2
6
9
10
11
12
13
14
14
15
15
17
19
22
26
30
34
40
46
53
60
66
71
78
85
92
99
105
110
114
118
122
126
130
134
138
144
150
157
165
174
183
193
205
216
227
237
245
254
261
268
272
272
269
262
252
239
215
176
153
137
121
105
83
47
19
4
-8
-18
-28
-46
-67
-74
-78
-82
-86
-89
-89
-87
-83
-80
-77
-76
-74
-71
-68
-66
-65
-65
-65
-65
-63
-62
-61
-61
-61
-61
-60
-58
-55
-54
-53
-53
-53
-52
-51
-50
-50
-49
-49
-48
-48
-47
-47
-48
-49
-49
-49
-48
-48
-48
-49
-50
-52
-55
-58
-61
-63
-64
-66
-67
-69
-71
-72
-73
-74
-74
-75
-75
-76
-76
-75
-75
-74
-74
-75
-76
-76
-76
-77
-78
-79
-81
-82
-83
-83
-83
-83
-83
-83
-82
-81
-79
-78
-77
-76
-77
-77
-77
-75
-74
-71
-69
-67
-65
-63
-60
-58
-56
-55
-54
-54
-54
-54
-53
-53
-53
-52
-52
-52
-51
-51
-50
-51
-50
-49
-48
-44
-38
-30
-21
-14
-9
-5
-1
1
4
7
10
13
15
17
19
20
20
19
18
16
12
9
5
1
-2
-5
-8
-10
-12
-12
-13
-13
-14
-16
-18
-20
-22
-25
-28
-30
-31
-32
-32
-32
-32
-33
-33
-34
-35
-38
-46
-50
-45
-33
-15
8
45
105
193
302
425
542
608
605
524
339
123
-66
-165
-199
-179
-147
-115
-93
-77
-53
-38
-29
-21
-15
-9
-3
1
6
10
14
16
19
20
22
23
25
27
30
32
34
37
39
40
41
42
42
44
46
49
52
55
59
63
68
76
85
94
101
107
113
119
123
127
130
133
137
140
144
148
153
157
161
167
173
181
195
223
248
275
300
309
316
323
327
317
295
278
263
250
239
231
222
211
197
184
172
152
123
92
57
27
9
-3
-12
-22
-33
-45
-58
-64
-68
-73
-77
-80
-83
-85
-86
-86
-86
-85
-84
-83
-82
-80
-80
-79
-79
-79
-78
-77
-74
-71
-69
-67
-67
-69
-70
-73
-75
-81
-86
-89
-87
-82
-76
-73
-71
-68
-65
-62
-60
-58
-57
-58
-58
-59
-60
-63
-66
-69
-72
-75
-76
-78
-80
-83
-85
-85
-85
-83
-81
-80
-78
-77
-75
-73
-71
-71
-73
-76
-80
-82
-83
-85
-87
-89
-92
-94
-95
-97
-98
-99
-100
-99
-98
-97
-95
-93
-90
-88
-86
-84
-83
-82
-81
-80
-79
-78
-78
-78
-77
-76
-75
-74
-72
-71
-70
-68
-67
-65
-64
-64
-64
-63
-61
-59
-57
-55
-53
-51
-48
-44
-40
-37
-34
-31
-29
-26
-22
-18
-15
-12
-9
-4
2
8
13
16
18
20
22
25
27
27
22
12
1
-6
-12
-16
-22
-27
-32
-37
-40
-43
-44
-46
-47
-46
-46
-45
-43
-42
-40
-39
-38
-36
-33
-31
-27
-18
-20
-41
-65
-88
-94
-100
-105
-80
-6
111
271
449
602
666
658
556
361
127
-88
-235
-272
-267
-207
-146
-113
-88
-70
-53
-45
-40
-36
-33
-30
-27
-25
-21
-17
-14
-10
-7
-4
-1
4
16
27
39
46
53
59
64
67
68
67
63
58
52
44
33
26
34
52
62
70
76
82
88
94
100
106
110
115
120
127
139
152
168
177
184
190
196
201
207
213
219
226
232
238
244
250
258
266
273
277
278
274
268
260
249
232
203
179
157
134
108
80
54
29
13
4
-3
-8
-15
-21
-28
-35
-41
-47
-55
-63
-70
-76
-81
-83
-85
-86
-88
-91
-94
-95
-96
-95
-93
-91
-88
-84
-79
-74
-69
-65
-63
-61
-60
-59
-58
-58
-57
-57
-57
-57
-56
-55
-55
-55
-56
-56
-57
-57
-57
-57
-57
-58
-59
-59
-60
-59
-58
-57
-56
-55
-53
-52
-51
-50
-50
-50
-50
-51
-52
-53
-54
-54
-55
-55
-55
-55
-55
-56
-58
-59
-59
-59
-59
-60
-61
-63
-63
-64
-63
-63
-62
-62
-61
-60
-59
-58
-57
-57
-57
-57
-57
-57
-57
-57
-57
-57
-57
-57
-57
-56
-56
-55
-55
-55
-55
-54
-54
-55
-55
-55
-56
-56
-56
-56
-55
-54
-52
-50
-47
-44
-40
-37
-34
-30
-28
-25
-22
-20
-18
-15
-13
-10
-6
-3
0
4
8
11
14
15
16
15
14
12
10
7
3
0
-4
-8
-11
-14
-17
-20
-24
-27
-29
-31
-34
-37
-41
-46
-50
-54
-58
-61
-64
-66
-68
-68
-67
-65
-63
-61
-59
-57
-54
-51
-46
-42
-38
-33
-16
27
101
208
343
477
571
581
529
369
168
-33
-188
-245
-242
-177
-120
-105
-97
-91
-82
-74
-67
-60
-54
-48
-43
-38
-33
-30
-26
-21
-15
-10
-6
-3
-1
0
3
5
8
11
14
17
19
22
24
26
28
30
33
35
38
42
45
50
54
60
67
73
79
84
88
92
96
102
110
122
138
157
171
182
191
200
208
215
221
228
238
251
260
262
264
265
266
268
268
269
267
263
255
245
226
196
171
144
120
102
83
59
27
0
-18
-32
-40
-47
-53
-60
-68
-75
-80
-84
-89
-93
-96
-97
-96
-94
-91
-89
-87
-85
-84
-83
-82
-81
-81
-80
-80
-78
-76
-74
-73
-73
-73
-73
-73
-71
-70
-70
-71
-72
-71
-70
-67
-65
-63
-62
-61
-60
-58
-57
-57
-57
-58
-57
-56
-55
-53
-53
-54
-56
-58
-60
-63
-69
-73
-69
-62
-57
-51
-45
-41
-40
-44
-48
-52
-55
-58
-61
-65
-68
-70
-70
-68
-66
-63
-61
-59
-58
-57
-57
-56
-55
-55
-55
-55
-55
-55
-55
-54
-53
-52
-51
-50
-48
-47
-47
-46
-47
-47
-46
-44
-42
-39
-37
-35
-33
-31
-29
-27
-26
-25
-24
-23
-22
-21
-20
-19
-17
-14
-11
-8
-5
-2
0
7
16
23
29
35
39
42
45
49
51
53
54
52
49
46
41
37
34
30
26
22
18
14
10
6
1
-3
-10
-22
-32
-40
-48
-57
-62
-54
-38
-28
-18
-8
-2
-2
-6
-14
-23
-36
-54
-57
-59
-62
-62
-50
-15
25
86
174
287
415
528
576
566
465
271
42
-158
-263
-297
-273
-205
-138
-91
-64
-42
-26
-8
-3
