619
720
827
945
1053
1101
1115
1101
1087
1076
1071
1071
1071
1071
1071
1070
1068
1064
1056
1047
1036
1020
1004
987
969
961
957
955
954
952
949
947
944
943
941
938
935
931
921
909
899
890
880
871
862
854
847
842
836
829
822
814
807
799
790
779
769
760
753
747
741
736
731
727
723
719
716
712
708
703
696
686
667
650
638
629
620
611
603
596
591
588
586
583
580
577
574
571
569
566
564
561
556
543
515
495
485
476
466
455
445
435
426
420
416
413
410
405
401
399
401
409
420
433
449
449
431
419
411
406
399
392
385
378
371
364
358
351
342
333
324
318
313
307
301
297
293
290
287
284
280
276
270
245
171
72
-52
-193
-332
-449
-520
-543
-529
-485
-386
-263
-133
-5
110
197
243
260
266
260
246
231
212
199
182
158
128
100
86
79
74
69
65
62
58
54
50
47
44
42
41
40
38
35
32
29
25
21
18
14
11
8
4
0
-5
-12
-21
-30
-38
-47
-55
-62
-68
-74
-78
-81
-82
-83
-84
-84
-84
-81
-77
-72
-64
-55
-72
-86
-93
-99
-106
-114
-122
-131
-143
-156
-168
-179
-187
-194
-200
-206
-212
-218
-222
-225
-227
-231
-234
-237
-237
-233
-225
-215
-201
-181
-171
-163
-158
-152
-144
-133
-114
-84
-52
-21
0
14
28
41
52
61
68
73
76
79
82
83
85
86
88
91
92
94
94
95
95
96
96
97
98
101
107
87
67
55
45
35
26
17
7
-1
-1
9
23
32
40
47
53
56
58
58
57
56
52
47
38
21
-1
-8
-11
-14
-17
-19
-21
-22
-23
-23
-23
-22
-21
-19
-17
-15
-13
-9
-1
-1
-12
-20
-27
-33
-36
-36
-32
-25
-16
0
21
33
42
42
28
7
-16
-38
-57
-70
-79
-76
-55
-22
13
31
43
52
55
53
47
39
25
3
-10
-16
-20
-24
-29
-35
-45
-57
-55
-34
-22
-15
-9
-5
-1
2
8
13
17
19
22
26
29
35
45
51
44
32
25
18
12
7
3
0
-3
-8
-12
-18
-23
-28
-33
-37
-41
-45
-48
-49
-47
-43
-37
-29
-13
4
11
17
15
-4
-34
-66
-79
-86
-91
-94
-93
-89
-83
-77
-73
-70
-66
-61
-57
-55
-53
-52
-53
-54
-56
-59
-62
-67
-73
-81
-94
-94
-73
-42
-14
-4
2
6
9
9
4
-2
-11
-20
-34
-41
-37
-26
-18
-11
-6
0
5
12
21
34
50
57
59
62
53
0
-87
-200
-333
-484
-646
-798
-907
-923
-889
-744
-532
-291
-72
88
187
211
219
197
132
87
71
72
87
97
104
110
113
115
117
119
120
122
125
127
128
132
130
118
110
104
99
95
92
90
87
82
76
91
103
111
117
120
120
117
113
108
101
89
71
61
56
53
50
48
46
44
41
37
34
31
27
24
20
16
10
3
-3
-8
-14
-20
-34
-60
-81
-94
-101
-105
-108
-111
-113
-115
-120
-126
-134
-145
-159
-180
-194
-202
-208
-213
-216
-216
-211
-202
-192
-179
-162
-146
-132
-114
-94
-79
-65
-53
-39
-24
-2
31
53
66
75
81
84
87
88
89
90
90
90
90
91
91
92
93
93
93
93
94
94
94
93
92
89
87
84
81
77
74
71
68
65
57
48
41
35
29
22
12
7
8
12
14
15
17
18
19
19
19
19
17
14
10
5
1
-2
-6
-9
-12
-15
-17
-18
-17
-17
-16
-16
-15
-14
-13
-11
-10
-10
-9
-8
-7
-4
-2
-1
0
0
0
1
4
9
16
21
12
-4
-20
-37
-45
-41
-32
-24
-16
-10
-5
-1
4
11
10
-1
-7
-11
-15
-18
-21
-23
-24
-25
-26
-27
-28
-27
-26
-24
-22
-21
-20
-17
-11
-22
-35
-46
-45
-32
-24
-17
-11
-6
-3
-3
-4
-6
-7
-9
-10
-11
-13
-15
-16
-17
-17
-17
-18
-20
-21
-22
-23
-24
-26
-31
-17
-2
9
14
6
-10
-24
-39
-49
-51
-52
-55
-58
-56
-43
-33
-24
-19
-19
-27
-36
-42
-47
-51
-53
-55
-57
-59
-61
-61
-61
-60
-58
-57
-56
-56
-55
-53
-51
-48
-46
-43
-39
-34
-28
-23
-17
-12
-6
2
11
17
17
13
8
3
0
-5
-10
-14
-16
-14
-9
-1
7
15
28
38
39
33
22
-11
-65
-145
-251
-385
-552
-740
-914
-1006
-1006
-914
-715
-485
-272
-112
-13
43
92
111
112
100
68
26
11
11
30
58
79
85
89
91
87
81
76
71
68
69
75
82
89
97
101
93
80
68
57
47
41
37
34
32
30
28
26
23
21
20
19
17
16
14
12
11
9
7
5
1
-1
-4
-8
-12
-17
-23
-29
-35
-44
-61
-74
-86
-94
-100
-105
-109
-114
-120
-127
-134
-140
-148
-159
-169
-177
-184
-194
-206
-210
-213
-215
-218
-220
-221
-221
-221
-221
-221
-219
-216
-211
-204
-196
-186
-166
-124
-91
-67
-42
-23
-9
3
17
28
34
38
42
46
50
54
57
60
63
65
68
71
73
74
74
73
71
68
65
61
56
52
47
44
40
37
31
21
9
0
-5
-4
0
5
11
17
24
33
39
40
37
30
23
18
14
10
7
3
0
-3
-6
-10
-13
-17
-22
-32
-32
-22
-17
-13
-9
-6
-3
-2
-2
-3
-3
-3
-3
-3
-4
-6
-8
-9
-9
-9
-10
-11
-12
-13
-12
-11
-11
-10
-11
-12
-15
-17
-18
-18
-16
-12
-9
-7
-6
-5
-3
0
0
1
2
2
2
3
5
7
8
10
12
14
16
18
20
21
22
23
25
27
29
30
32
33
34
36
38
39
39
37
35
32
29
28
28
27
26
25
25
25
26
26
26
24
23
22
23
26
29
32
35
37
40
43
45
47
47
47
46
44
40
36
31
26
20
16
11
6
1
-4
-8
-12
-13
-13
-12
-9
-6
-2
1
7
12
13
7
0
-3
-7
-12
-17
-21
-23
-24
-24
-24
-24
-22
-19
-15
-12
-9
-7
-7
-6
-5
-4
-3
-3
-3
-4
-3
-2
-1
0
0
1
1
2
3
4
4
5
6
9
12
18
31
33
20
-16
-98
-219
-377
-570
-778
-961
-1056
-1055
-953
-728
-467
-232
-71
-22
-7
-15
-26
-33
-3
29
56
55
28
13
4
-4
-11
-17
-21
-24
-27
-30
-32
-33
-33
-33
-31
-30
-28
-27
-26
-26
-27
-28
-29
-30
-30
-31
-32
-35
-39
-45
-52
-69
-93
-101
-105
-110
-113
-115
-116
-115
-112
-108
-103
-97
-88
-80
-78
-85
-95
-104
-113
-123
-138
-153
-161
-168
-173
-177
-180
-183
-186
-191
-196
-202
-208
-213
-218
-223
-229
-237
-246
-262
-277
-279
-279
-280
-281
-282
-277
-249
-230
-218
-207
-196
-187
-179
-172
-164
-156
-147
-137
-125
-109
-91
-64
-29
-9
9
29
62
81
93
104
113
121
125
127
127
127
127
127
128
128
128
129
130
131
131
132
132
133
133
132
131
127
121
115
108
101
96
91
88
86
84
83
82
81
79
76
73
70
67
64
62
60
59
58
57
57
56
55
55
55
55
56
58
59
60
62
63
65
67
70
73
75
78
83
96
107
108
98
83
64
39
26
17
9
2
3
16
32
41
48
55
62
67
71
72
71
68
64
61
58
56
53
48
44
41
39
40
43
48
52
55
58
60
61
62
62
62
62
62
62
63
64
64
64
64
64
64
63
62
61
60
59
59
59
59
59
60
61
62
62
61
58
54
51
49
46
43
40
37
35
34
32
26
17
7
0
-3
-4
-3
-1
0
2
8
13
15
10
2
-1
-4
-8
-11
-14
-18
-23
-27
-30
-33
-34
-35
-36
-38
-40
-41
-42
-44
-47
-51
-55
-57
-57
-54
-48
-42
-36
-31
-24
-17
-11
-7
-4
-4
-5
-8
-12
-18
-26
-37
-46
-47
-37
-26
-22
-17
-12
-6
0
4
8
11
13
14
14
12
8
3
-3
-10
-17
-25
-42
-87
-172
-301
-468
-656
-835
-947
-985
-945
-825
-623
-411
-226
-81
21
84
109
108
83
46
3
-29
-50
-27
12
52
75
91
98
84
63
56
52
48
45
42
39
36
32
29
26
24
23
23
24
26
28
31
33
35
35
34
33
32
30
30
29
28
28
28
29
30
31
31
31
30
30
29
28
27
26
25
25
28
25
3
-15
-30
-41
-47
-52
-55
-59
-63
-68
-72
-76
-80
-89
-99
-111
-121
-131
-139
-149
-160
-172
-181
-187
-188
-186
-182
-177
-170
-161
-151
-137
-120
-101
-80
-56
-29
-5
15
30
42
52
62
72
82
92
101
110
117
124
129
134
138
142
146
150
154
158
164
168
171
171
166
159
151
144
140
136
132
128
123
119
116
113
110
106
103
99
96
94
91
89
86
84
83
82
80
79
76
74
70
66
61
56
52
48
46
45
45
45
43
41
37
31
19
8
7
9
10
10
9
9
9
9
10
11
12
13
14
13
12
11
10
10
10
9
9
7
7
7
8
8
8
6
3
0
-2
-4
-5
-7
-9
-11
-13
-14
-15
-17
-21
-24
-27
-29
-30
-31
-32
-32
-31
-29
-25
-20
-16
-12
-3
3
4
0
-8
-12
-17
-23
-28
-31
-34
-36
-37
-38
-38
-36
-32
-27
-23
-19
-15
-11
-6
-2
2
6
8
9
9
11
12
13
11
9
5
1
0
-3
-5
-10
-16
-21
-25
-26
-26
-26
-27
-28
-28
-28
-26
-24
-23
-21
-21
-21
-22
-24
-26
-29
-33
-36
-39
-42
-44
-45
-45
-44
-44
-43
-44
-43
-43
-41
-39
-38
-36
-34
-31
-27
-23
-19
-15
-12
-10
-8
-6
-4
-3
-2
-2
-3
-3
-3
-2
-1
0
0
0
0
1
2
4
6
9
13
17
21
30
50
52
32
-23
-112
-238
-399
-581
-767
-924
-1006
-1008
-936
-772
-570
-368
-195
-65
37
86
120
142
115
67
32
23
18
14
12
11
11
10
10
11
12
13
15
18
20
21
22
22
21
21
21
22
23
24
23
18
11
2
-6
-12
-17
-21
-26
-32
-37
-40
-43
-45
-47
-50
-52
-53
-54
-54
-56
-58
-61
-64
-66
-67
-68
-71
-74
-78
-82
-85
-89
-95
-105
-118
-130
-141
-154
-166
-178
-190
-201
-210
-217
-222
-227
-231
-235
-237
-239
-242
-246
-249
-252
-251
-246
-239
-231
-224
-218
-211
-203
-195
-187
-179
-172
-165
-157
-147
-131
-112
-86
-46
12
39
50
60
69
76
81
84
85
86
85
85
85
84
83
81
79
78
76
74
71
64
59
59
61
62
62
63
63
63
63
63
64
64
64
62
60
57
55
54
53
54
54
53
53
54
55
56
57
56
56
56
56
58
59
61
64
67
59
47
42
40
38
36
34
31
28
24
22
21
22
23
24
23
23
23
23
24
25
25
24
23
22
22
22
22
21
21
22
22
22
22
21
20
20
24
33
42
47
52
58
62
66
68
66
62
55
47
40
34
28
22
17
14
12
11
10
10
12
15
20
26
31
36
42
49
55
59
57
53
47
41
37
33
28
23
18
14
13
14
16
18
20
23
27
30
34
38
42
45
47
48
50
52
54
57
65
70
58
39
30
23
17
13
10
9
8
6
6
6
7
9
11
13
14
15
18
23
27
29
27
19
11
3
-2
-8
-14
-21
-25
-27
-26
-21
-16
-10
-4
0
4
10
16
21
24
24
23
21
17
13
8
2
-7
-16
-16
-5
8
17
25
33
40
45
50
53
56
57
57
55
52
46
37
28
16
-34
-113
-219
-352
-508
-677
-838
-955
-970
-929
-762
-539
-313
-134
-24
33
77
108
119
133
129
71
2
-22
-20
4
20
31
41
49
52
50
44
36
27
21
18
17
14
9
5
2
0
-3
-6
-9
-11
-13
-14
-15
-16
-17
-17
-16
-15
-15
-15
-16
-16
-17
-18
-19
-20
-23
-27
-30
-32
-35
-37
-38
-40
-41
-43
-44
-46
-50
-56
-64
-73
-81
-90
-98
-106
-113
-120
-126
-132
-137
-143
-150
-160
-170
-179
-187
-193
-195
-197
-199
-201
-203
-203
-203
-202
-202
-202
-203
-204
-201
-194
-181
-167
-147
-116
-84
-57
-34
-8
21
38
51
62
72
80
86
90
93
95
97
99
100
100
99
98
98
99
100
101
102
102
102
102
101
99
96
93
91
90
89
88
87
86
85
85
85
85
83
81
79
77
76
76
76
76
76
77
79
81
83
84
84
82
81
82
83
72
54
44
37
32
29
27
26
26
26
26
28
29
31
32
34
35
37
40
42
45
47
47
47
46
44
43
40
38
34
30
26
23
20
18
16
14
13
12
12
11
11
12
14
17
20
25
30
34
39
49
58
58
47
34
25
15
6
0
-4
-4
-3
-1
0
2
5
10
15
18
19
17
15
11
7
0
-7
-4
2
7
13
19
24
24
19
13
8
7
6
5
3
1
0
0
0
-1
-1
-2
-2
-3
-2
-1
-1
0
0
0
0
0
0
-1
-2
-4
-5
-6
-7
-9
-10
-12
-13
-14
-14
-15
-16
-17
-19
-21
-22
-23
-23
-24
-24
-25
-25
-26
-28
-30
-32
-35
-36
-36
-33
-27
-19
-11
-2
5
15
25
33
39
42
44
45
45
46
47
48
50
52
54
56
59
61
63
62
60
57
54
50
47
43
38
33
26
19
12
-10
-67
-170
-298
-452
-626
-798
-940
-989
-975
-849
-625
-367
-135
28
88
109
114
98
71
56
45
35
28
22
18
17
17
19
22
26
30
35
41
49
57
62
59
49
36
24
18
11
3
-4
-11
-14
-14
-12
-8
-4
0
6
17
28
34
29
16
2
-3
-8
-12
-17
-22
-28
-33
-38
-42
-47
-51
-56
-60
-63
-66
-68
-71
-75
-79
-83
-89
-95
-101
-108
-115
-122
-129
-136
-143
-150
-158
-165
-172
-181
-190
-198
-205
-210
-213
-216
-219
-221
-223
-225
-227
-229
-232
-234
-233
-227
-215
-198
-171
-125
-94
-77
-61
-47
-32
-5
36
53
58
63
67
71
75
78
81
83
85
86
88
88
88
88
88
89
90
90
90
91
91
91
91
90
88
85
81
77
74
70
66
63
60
56
53
47
39
31
24
20
21
23
28
34
40
44
49
55
62
68
73
75
74
72
68
65
61
57
52
46
40
35
33
31
29
28
27
26
25
24
23
20
17
14
13
15
19
25
32
40
50
60
64
61
54
47
43
40
37
34
30
27
25
24
23
23
22
22
22
22
22
22
21
20
19
19
20
21
21
22
21
21
21
22
24
24
24
23
22
22
23
26
28
30
30
30
32
35
38
40
38
33
27
23
22
21
20
18
16
14
12
11
11
11
10
11
12
13
14
14
15
15
16
15
14
12
11
10
10
10
10
9
8
8
7
7
6
5
2
0
-1
-4
-6
-9
-14
-18
-21
-24
-26
-29
-33
-38
-43
-47
-50
-52
-54
-55
-55
-54
-50
-45
-40
-35
-30
-26
-22
-18
-14
-10
-6
-2
2
7
12
15
17
17
17
17
17
17
17
17
20
26
25
8
-5
-20
-26
-17
0
14
28
37
35
22
-2
-75
-198
-351
-518
-682
-821
-908
-936
-911
-839
-692
-524
-369
-241
-127
1
137
244
279
262
208
83
-18
-56
-56
-21
35
77
94
105
72
43
23
7
0
5
16
28
41
59
69
62
47
38
33
27
23
19
14
10
5
2
0
0
-1
-2
-3
-4
-6
-9
-13
-18
-25
-33
-41
-48
-53
-57
-59
-60
-61
-62
-63
-64
-67
-71
-76
-81
-85
-87
-89
-91
-92
-93
-96
-99
-104
-118
-162
-195
-213
-226
-231
-234
-236
-239
-240
-241
-241
-241
-241
-242
-239
-233
-226
-217
-208
-199
-187
-175
-163
-155
-147
-138
-122
-98
-76
-54
-33
-8
12
28
40
46
50
52
53
54
56
58
59
59
58
55
54
52
52
51
49
47
46
46
47
48
48
47
46
44
44
44
43
41
38
34
30
27
25
23
19
13
6
1
0
0
2
3
4
6
9
15
21
21
11
0
-5
-9
-13
-16
-19
-21
-24
-26
-26
-24
-22
-19
-16
-13
-12
-11
-10
-9
-8
-8
-9
-11
-12
-11
-10
-7
-5
-2
0
3
7
12
17
21
27
41
54
55
46
33
21
7
-1
-5
-6
-6
-8
-10
-12
-12
-10
-3
4
10
14
16
18
20
22
24
26
27
28
28
28
28
28
29
28
28
27
27
27
27
28
30
32
33
34
36
38
40
41
42
43
44
44
46
48
50
52
53
54
56
57
59
61
62
62
61
61
61
61
61
59
57
55
52
50
48
45
42
37
32
28
24
19
14
7
0
-4
-5
-1
7
18
28
37
42
47
53
59
64
69
73
77
82
87
92
96
98
100
101
102
105
107
110
112
115
120
125
130
135
138
140
140
140
140
140
139
137
135
133
130
128
125
121
116
111
106
99
90
79
57
12
-75
-191
-338
-504
-670
-807
-860
-852
-752
-569
-357
-164
-21
79
158
229
255
257
247
216
148
121
108
98
97
109
118
126
131
132
127
119
111
108
107
106
103
100
97
95
92
89
86
82
79
77
76
76
74
72
69
66
62
59
54
48
41
33
27
23
20
18
16
14
12
10
8
5
2
-1
-5
-9
-14
-18
-21
-24
-27
-32
-38
-48
-70
-98
-114
-124
-133
-141
-149
-155
-160
-164
-168
-171
-174
-178
-180
-182
-186
-190
-195
-200
-203
-202
-197
-190
-182
-175
-168
-160
-151
-140
-128
-117
-105
-90
-59
-15
14
36
58
69
76
81
87
91
94
96
95
94
93
92
91
90
88
84
80
77
77
83
92
102
109
118
127
134
135
130
119
105
82
52
45
40
34
37
61
72
79
86
92
97
102
105
107
108
108
106
102
97
92
87
82
77
72
68
64
58
53
47
42
38
36
36
36
37
40
42
44
46
48
51
54
57
59
60
59
59
58
58
57
54
51
47
44
42
40
37
35
32
29
27
26
24
21
16
11
6
3
2
3
4
6
9
12
15
21
26
28
24
16
10
8
6
3
0
-3
-5
-7
-9
-10
-12
-13
-14
-13
-13
-12
-12
-13
-13
-14
-13
-13
-12
-13
-13
-14
-14
-13
-13
-13
-13
-14
-13
-13
-12
-11
-9
-9
-8
-7
-5
-3
-1
0
0
1
2
4
11
15
4
-15
-27
-36
-45
-52
-57
-59
-58
-56
-53
-50
-46
-41
-31
-25
-35
-52
-61
-69
-75
-80
-83
-86
-88
-89
-90
-88
-84
-80
-74
-68
-63
-58
-54
-47
-40
-32
-26
-23
-24
-26
-29
-32
-34
-35
-37
-40
-43
-46
-48
-47
-45
-41
-37
-33
-29
-23
-18
-13
-9
-7
-7
-8
-10
-15
-23
-33
-45
-67
-117
-209
-348
-530
-733
-926
-1048
-1088
-1045
-915
-689
-443
-235
-93
-11
17
25
33
42
42
26
20
18
15
12
9
7
5
3
0
0
-1
-2
-1
0
0
0
0
0
0
0
-2
-4
-7
-9
-10
-10
-9
-9
-8
-8
-8
-7
-7
-8
-8
-9
-11
-12
-13
-15
-16
-17
-19
-21
-23
-25
-28
-31
-34
-37
-40
-43
-48
-52
-57
-61
-65
-69
-72
-74
-77
-79
-82
-86
-92
-99
-109
-121
-134
-150
-165
-176
-186
-196
-204
-210
-215
-218
-219
-219
-217
-212
-206
-199
-192
-184
-176
-165
-152
-138
-123
-107
-89
-69
-45
-22
-2
14
28
41
52
62
69
76
82
87
90
92
94
97
99
102
104
105
105
104
104
104
103
101
99
97
97
97
97
97
97
95
92
90
88
85
82
79
75
73
72
72
72
72
70
67
59
51
48
49
51
53
53
53
54
54
55
55
55
55
54
53
51
49
46
44
41
40
38
36
35
35
34
34
33
31
30
28
27
25
23
21
19
18
16
14
11
6
0
-5
-10
-14
-15
-16
-16
-16
-14
-12
-8
-4
-1
-1
-4
-7
-9
-11
-14
-18
-22
-26
-30
-33
-36
-37
-37
-37
-36
-34
-33
-32
-32
-31
-32
-33
-34
-36
-37
-38
-39
-39
-39
-39
-37
-35
-33
-31
-30
-29
-28
-27
-27
-26
-26
-27
-27
-28
-28
-28
-28
-29
-30
-32
-33
-33
-33
-34
-34
-34
-34
-33
-33
-33
-34
-35
-36
-36
-36
-36
-37
-38
-40
-41
-40
-39
-38
-38
-39
-41
-43
-45
-46
-47
-48
-49
-49
-49
-49
-49
-49
-48
-47
-44
-41
-37
-34
-30
-26
-21
-16
-11
-7
-5
-2
-1
0
2
4
5
5
5
5
4
3
3
1
0
-1
-3
-6
-11
-19
-16
11
32
50
65
71
68
59
44
0
-84
-194
-325
-475
-634
-785
-886
-921
-891
-799
-628
-440
-269
-129
-20
66
104
127
143
115
76
46
43
40
37
39
56
68
76
83
88
88
83
75
68
63
58
52
46
41
38
38
40
44
49
52
56
59
62
66
70
71
69
64
57
49
42
37
33
28
24
20
17
15
13
9
4
-1
-7
-12
-17
-20
-25
-29
-32
-35
-39
-43
-49
-55
-62
-70
-76
-83
-89
-96
-103
-109
-115
-124
-138
-154
-169
-183
-193
-202
-210
-217
-223
-227
-227
-224
-220
-215
-209
-201
-192
-178
-164
-152
-139
-116
-77
-46
-25
-14
-7
-2
2
9
20
37
66
96
107
113
119
122
124
124
122
119
116
113
110
107
104
100
96
94
92
89
86
84
82
83
84
84
83
81
77
75
74
73
72
71
68
65
63
63
62
61
58
54
51
49
48
46
44
41
37
34
33
34
38
44
50
58
71
79
75
68
62
57
53
49
46
45
46
48
51
55
60
70
68
48
39
32
26
21
17
13
11
10
9
10
12
16
20
25
30
34
37
39
41
44
48
51
53
56
58
60
62
62
61
59
56
53
51
48
46
43
41
40
39
39
39
39
38
37
37
37
37
39
40
42
43
45
47
49
52
55
57
57
56
55
53
49
46
43
39
35
34
34
40
49
59
70
85
96
101
105
110
117
115
96
77
60
44
29
17
6
-1
-1
6
16
22
28
32
36
38
39
40
40
38
35
30
24
18
13
8
0
-9
-17
-21
-19
-13
-4
3
9
15
22
28
34
37
40
42
43
45
49
52
54
55
52
48
43
38
35
32
29
25
22
20
19
19
20
21
23
25
29
33
37
45
43
22
-32
-131
-278
-463
-665
-856
-997
-1022
-998
-852
-639
-423
-253
-141
-74
-33
11
38
45
51
55
57
58
55
49
44
39
32
26
22
20
22
25
29
31
34
37
41
45
48
48
46
44
40
37
34
30
26
21
16
10
3
-2
-9
-16
-24
-33
-41
-43
-42
-39
-36
-33
-26
-16
-40
-58
-69
-78
-84
-87
-87
-83
-79
-74
-69
-58
-42
-60
-87
-123
-152
-172
-179
-182
-184
-186
-188
-190
-193
-199
-206
-216
-230
-249
-259
-264
-269
-272
-275
-274
-269
-262
-254
-247
-240
-232
-222
-211
-200
-185
-165
-134
-109
-88
-71
-53
-35
-18
-2
12
29
45
52
58
62
65
68
70
73
76
79
83
86
88
89
89
89
88
87
86
85
86
91
96
95
86
76
72
69
66
64
62
60
58
57
56
56
56
56
58
60
63
65
68
70
71
72
73
73
72
71
70
70
71
71
70
70
69
69
68
68
67
66
63
61
58
56
55
53
51
50
49
49
51
54
57
58
59
59
59
58
57
57
56
54
53
52
51
50
49
49
50
50
50
51
51
50
48
46
44
42
40
37
36
34
33
32
33
35
37
39
41
41
41
40
39
38
38
38
38
38
38
39
40
42
43
43
43
42
41
39
37
35
33
31
29
27
25
23
21
19
17
13
9
5
2
0
-1
0
0
3
6
10
14
19
27
34
37
33
24
16
12
10
7
5
4
3
2
1
0
-2
-4
-5
-7
-8
-9
-11
-13
-15
-16
-17
-19
-22
-26
-31
-43
-53
-52
-39
-24
-17
-11
-5
0
4
8
10
11
11
11
11
9
7
5
4
3
1
-2
-7
-12
-14
-12
-7
-1
5
10
15
21
27
32
34
33
30
23
13
1
-21
-69
-154
-269
-417
-592
-774
-926
-988
-980
-877
-689
-474
-273
-112
3
77
105
107
87
56
27
12
1
3
25
37
44
50
54
57
59
60
60
60
58
56
53
50
46
42
36
29
21
16
13
14
15
17
18
20
24
28
22
10
5
2
1
0
0
-1
-4
-8
-13
-18
-23
-27
-30
-33
-35
-38
-39
-41
-44
-49
-56
-63
-71
-80
-88
-97
-106
-116
-125
-134
-142
-151
-160
-169
-178
-186
-193
-200
-207
-215
-223
-232
-244
-255
-260
-255
-246
-234
-221
-206
-193
-185
-179
-173
-168
-162
-156
-148
-138
-127
-114
-99
-80
-60
-39
-15
8
34
54
65
72
76
78
80
81
83
84
83
81
77
72
67
63
60
57
54
51
48
45
44
43
43
42
41
39
38
37
36
35
34
31
28
26
24
23
21
17
10
2
-4
-8
-9
-7
-5
-4
-3
-2
-1
1
3
5
6
7
7
9
10
12
13
13
13
14
15
16
17
17
16
15
14
14
13
12
10
9
8
8
9
10
10
9
7
5
3
1
0
-1
-2
-4
-4
-4
-3
-2
-1
0
1
3
5
6
5
4
3
4
8
12
16
17
19
21
24
28
31
33
34
33
31
30
29
29
28
27
26
26
28
30
32
34
36
37
38
39
39
39
38
37
36
35
34
35
36
37
37
38
38
39
40
40
41
42
42
41
40
38
36
34
30
27
25
23
21
20
19
18
15
13
9
5
0
-5
-10
-16
-20
-25
-27
-29
-29
-30
-30
-29
-28
-26
-23
-21
-20
-19
-18
-18
-18
-16
-5
8
18
28
38
45
48
45
38
30
20
7
-11
-13
0
8
18
25
26
18
8
0
-8
-15
-17
-12
0
13
27
45
54
45
18
-58
-161
-297
-466
-657
-848
-975
-1018
-978
-854
-629
-382
-170
-28
57
88
95
100
106
105
94
85
79
73
68
62
53
40
26
14
8
4
2
2
2
1
-1
-4
-7
-10
-13
-15
-16
-17
-17
-16
-15
-14
-13
-13
-13
-13
-14
-16
-18
-21
-24
-28
-32
-36
-40
-43
-46
-50
-55
-61
-67
-71
-75
-79
-82
-84
-84
-84
-82
-80
-77
-75
-73
-68
-57
-86
-112
-128
-142
-156
-171
-183
-191
-198
-206
-215
-223
-229
-233
-235
-236
-236
-235
-232
-228
-221
-214
-206
-198
-190
-181
-162
-142
-127
-112
-97
-81
-66
-53
-40
-25
-10
9
34
44
50
56
61
65
69
73
76
79
82
84
86
88
88
88
90
91
94
95
96
95
94
92
91
89
87
85
82
79
77
76
76
75
75
74
74
74
74
72
69
65
62
62
63
64
64
64
64
65
66
69
71
72
73
72
72
72
71
70
68
65
62
59
56
54
52
51
50
49
49
48
47
44
42
40
39
39
41
44
48
51
54
55
57
59
60
62
64
66
68
70
71
72
73
74
75
76
77
77
77
77
77
78
79
81
81
82
82
81
81
81
80
78
75
73
71
69
67
64
61
58
57
56
57
56
54
51
50
50
52
55
59
62
64
66
68
70
73
75
77
79
81
82
83
82
79
75
70
63
56
49
42
36
30
24
19
14
11
9
7
6
5
5
5
5
6
6
5
4
4
6
10
13
11
5
0
-2
-5
-8
-11
-15
-18
-21
-21
-20
-19
-17
-15
-12
-7
-3
1
6
9
12
15
18
21
23
24
24
25
27
29
32
35
37
41
45
50
55
59
62
64
66
73
82
58
-13
-125
-285
-484
-694
-872
-956
-956
-875
-712
-514
-322
-169
-65
-6
28
49
62
67
62
50
39
33
29
25
22
19
16
12
7
2
-2
-6
-9
-10
-12
-13
-15
-18
-20
-22
-24
-26
-28
-31
-34
-36
-38
-41
-43
-46
-49
-51
-51
-52
-53
-55
-58
-61
-63
-66
-68
-71
-75
-79
-82
-85
-87
-90
-94
-98
-102
-106
-109
-113
-118
-124
-130
-135
-139
-144
-149
-155
-162
-168
-174
-180
-188
-197
-206
-216
-225
-233
-243
-256
-277
-289
-297
-302
-307
-311
-312
-310
-304
-293
-275
-240
-216
-202
-193
-185
-179
-172
-162
-148
-128
-107
-87
-72
-52
-24
8
31
43
52
51
43
40
38
36
34
33
32
31
30
27
24
22
21
21
21
19
17
15
14
13
13
10
6
2
0
0
3
8
13
19
27
35
35
27
17
12
8
5
1
-3
-7
-12
-15
-17
-18
-19
-20
-21
-22
-22
-22
-23
-25
-27
-28
-29
-27
-23
-18
-13
-8
-3
3
10
17
25
33
41
50
59
69
78
85
92
98
105
116
127
139
152
165
177
188
195
201
206
212
217
221
226
230
235
241
247
250
250
244
234
222
199
170
156
146
147
167
189
212
231
243
252
260
265
264
258
249
239
233
227
221
217
213
210
208
206
205
205
206
207
207
208
209
210
212
215
218
220
215
204
191
178
162
150
148
151
155
158
163
165
156
138
125
115
104
95
85
76
67
59
52
45
37
29
22
16
9
3
-2
-7
-9
-10
-10
-10
-10
-11
-10
-9
-8
-8
-8
-9
-10
-7
-2
2
7
15
21
22
18
10
3
-3
-10
-18
-27
-37
-46
-57
-66
-72
-76
-79
-86
-93
-69
-36
-10
1
13
23
10
-26
-108
-227
-378
-553
-737
-916
-1054
-1110
-1062
-915
-712
-510
-339
-216
-132
-56
20
69
86
70
20
-22
-37
-45
-46
-44
-40
-38
-35
-33
-32
-31
-29
-27
-25
-23
-22
-21
-21
-20
-18
-15
-17
-31
-46
-53
-58
-62
-67
-72
-76
-80
-84
-86
-86
-85
-85
-84
-82
-81
-79
-77
-74
-72
-70
-67
-61
-58
-67
-84
-93
-98
-103
-107
-112
-116
-121
-126
-131
-135
-139
-144
-149
-155
-164
-174
-183
-192
-200
-208
-214
-220
-226
-232
-237
-241
-245
-249
-253
-258
-263
-268
-270
-267
-259
-247
-234
-219
-197
-178
-163
-144
-122
-93
-68
-47
-28
-10
1
10
18
24
30
35
39
44
48
52
56
59
62
65
68
71
75
77
79
80
80
80
80
79
78
76
74
73
71
69
66
63
59
56
53
51
49
47
45
43
42
41
40
39
38
37
36
35
34
33
32
32
32
32
32
32
31
30
29
29
28
27
26
25
26
27
29
30
30
30
30
30
31
31
32
32
33
39
45
39
27
18
9
1
-3
-2
5
17
28
36
46
56
64
69
69
67
64
61
60
60
60
58
55
53
51
50
50
49
47
46
46
47
49
50
52
52
52
52
51
50
49
47
45
43
42
41
41
40
40
41
42
42
43
42
39
33
29
33
41
46
50
53
54
54
52
46
41
36
33
30
27
23
19
15
13
10
9
7
6
7
9
12
17
22
27
31
36
40
45
49
53
63
74
78
75
68
62
59
56
54
51
49
47
45
44
42
42
43
44
46
49
52
56
60
65
74
88
65
26
-19
-104
-218
-369
-540
-705
-835
-899
-901
-851
-733
-584
-433
-305
-198
-94
16
98
128
126
92
58
24
20
32
43
54
52
30
18
10
4
0
0
-2
-4
-7
-11
-15
-17
-18
-20
-22
-25
-28
-31
-34
-40
-51
-65
-84
-104
-113
-119
-125
-131
-135
-139
-142
-144
-146
-149
-152
-154
-157
-159
-161
-163
-165
-166
-166
-167
-168
-168
-169
-169
-171
-173
-176
-180
-184
-187
-189
-193
-197
-202
-208
-214
-220
-227
-236
-247
-259
-270
-281
-291
-299
-309
-318
-326
-329
-327
-321
-311
-297
-273
-228
-204
-192
-183
-175
-167
-160
-155
-150
-144
-134
-115
-89
-51
-16
-1
5
11
16
22
28
34
41
51
67
90
98
103
107
109
108
98
81
61
34
19
9
1
-5
-5
4
17
27
37
46
53
56
55
51
45
39
33
24
17
14
17
25
33
39
45
51
56
58
55
50
44
38
32
25
17
9
5
7
14
24
33
45
62
71
64
53
46
41
37
32
30
30
31
35
39
44
48
51
54
58
61
63
65
66
68
69
70
70
69
68
68
68
70
71
73
74
74
74
75
75
76
75
75
75
74
75
77
79
81
83
81
77
72
67
64
60
55
51
47
43
40
37
34
33
32
33
34
35
35
35
34
33
33
30
25
24
30
37
45
43
27
17
10
4
1
0
1
4
8
12
17
21
26
30
34
37
40
42
44
45
45
44
41
37
33
26
13
13
29
37
44
50
55
58
61
61
61
60
57
51
43
34
15
-29
-117
-256
-442
-659
-870
-1031
-1073
-1051
-904
-685
-465
-287
-171
-105
-68
-6
65
123
147
145
115
80
46
35
29
25
22
19
15
10
3
-2
-7
-11
-15
-19
-23
-26
-27
-26
-21
-16
-10
-5
-2
1
5
8
11
13
14
16
17
18
18
19
21
22
23
24
25
26
27
28
29
31
32
36
44
49
41
24
6
-16
-43
-56
-62
-67
-72
-76
-80
-83
-86
-90
-93
-95
-98
-100
-102
-105
-109
-113
-121
-139
-163
-178
-188
-197
-204
-207
-207
-202
-195
-185
-174
-160
-138
-118
-100
-80
-55
-25
-7
4
13
20
27
35
43
51
59
68
77
87
96
104
110
112
114
116
118
120
121
123
124
125
126
126
126
125
124
122
119
115
110
106
101
96
92
89
86
85
83
81
78
76
74
73
72
72
72
71
70
69
69
69
70
70
70
70
69
68
68
68
68
67
65
63
60
59
58
57
56
55
54
52
50
48
45
32
24
33
49
57
63
68
72
75
77
79
80
81
80
79
78
76
75
74
74
73
72
71
70
70
70
69
69
68
67
67
68
70
72
74
75
77
79
81
81
80
77
73
68
64
59
53
48
44
41
38
37
36
33
30
25
20
15
9
2
-3
-9
-13
-16
-17
-16
-13
-10
-5
0
3
7
10
13
17
20
24
27
30
37
47
56
63
65
62
55
48
41
36
30
25
20
15
12
10
9
9
11
14
19
25
32
40
51
72
73
49
-15
-113
-244
-401
-577
-750
-892
-948
-938
-830
-644
-439
-263
-133
-52
-7
28
53
59
67
74
57
47
43
41
39
37
34
32
29
24
19
15
12
9
7
6
6
6
5
1
-3
-9
-14
-16
-17
-18
-17
-16
-13
-10
-6
0
3
5
5
3
0
-2
-4
-8
-12
-17
-22
-26
-31
-37
-44
-50
-55
-60
-64
-67
-71
-77
-82
-89
-96
-103
-111
-117
-123
-129
-134
-139
-145
-152
-160
-170
-179
-186
-191
-195
-199
-203
-208
-214
-221
-227
-232
-237
-244
-254
-252
-228
-209
-192
-177
-166
-156
-136
-103
-81
-69
-59
-48
-39
-28
-4
29
41
46
51
55
59
61
64
67
68
67
66
65
62
59
56
52
47
43
38
32
19
11
20
36
50
64
75
82
87
92
99
105
108
104
95
81
64
41
30
25
20
15
11
8
8
10
15
19
22
24
27
31
35
38
40
41
42
42
41
40
37
33
29
25
23
20
18
15
9
3
-1
-3
-2
3
10
18
25
30
37
44
50
56
59
61
62
62
61
59
57
53
50
47
45
42
38
33
27
22
19
19
20
22
25
28
34
45
46
37
31
27
22
18
15
15
17
20
23
27
30
34
40
44
45
42
37
29
17
0
-8
-13
-18
-22
-26
-29
-30
-29
-27
-25
-22
-21
-19
-16
-13
-10
-9
-9
-10
-11
-11
-9
-8
-8
-8
-9
-11
-11
-12
-12
-15
-18
-21
-19
-12
-5
-2
-1
0
1
3
6
9
12
14
16
18
20
21
21
22
22
23
25
28
33
42
47
41
24
-25
-117
-251
-427
-635
-842
-1004
-1059
-1047
-930
-737
-527
-337
-180
-58
32
88
108
109
94
70
44
36
33
31
28
26
24
23
21
18
15
13
12
11
11
10
8
7
5
3
1
0
-2
-4
-5
-6
-6
-7
-8
-8
-8
-8
-8
-8
-7
-7
-7
-6
-6
-6
-6
-7
-8
-10
-12
-15
-18
-22
-26
-30
-34
-45
-72
-78
-83
-88
-91
-91
-86
-78
-71
-63
-56
-58
-70
-87
-107
-133
-152
-168
-182
-198
-215
-225
-233
-240
-247
-251
-252
-248
-240
-229
-216
-201
-181
-148
-123
-105
-93
-84
-77
-68
-58
-49
-42
-35
-27
-13
12
35
66
91
98
102
105
107
108
107
103
96
89
84
80
77
73
68
65
62
61
61
61
61
62
62
64
64
65
65
66
67
70
72
76
82
77
46
28
15
3
-6
-13
-14
-10
-3
4
11
16
23
31
40
47
51
52
53
53
54
55
55
52
48
45
44
47
50
52
54
56
57
56
52
47
41
38
35
31
27
23
19
16
14
14
14
16
19
24
30
37
44
52
58
64
71
79
86
90
91
89
86
82
77
71
65
56
47
41
40
42
45
49
54
64
64
48
38
30
24
19
20
24
31
38
43
48
54
58
61
63
63
61
59
55
49
42
29
8
0
-5
-9
-13
-15
-14
-10
-5
0
4
8
12
16
20
23
25
25
25
23
21
17
13
9
5
2
0
-4
-9
-14
-18
-19
-16
-11
-5
0
4
8
11
14
16
17
18
20
22
23
24
23
22
22
22
22
22
23
24
25
26
25
23
20
18
15
14
12
10
8
3
0
-4
-36
-122
-241
-390
-555
-729
-877
-971
-1004
-970
-859
-659
-417
-186
-10
68
95
74
8
-41
-57
-63
-55
-40
-32
-27
-22
-19
-16
-14
-13
-13
-13
-14
-17
-20
-23
-25
-26
-27
-29
-30
-31
-31
-31
-30
-31
-31
-31
-31
-30
-29
-28
-28
-29
-31
-33
-34
-37
-40
-44
-48
-51
-53
-55
-55
-56
-56
-58
-60
-63
-68
-73
-79
-85
-90
-95
-98
-101
-104
-107
-109
-112
-116
-120
-125
-132
-139
-148
-155
-163
-170
-178
-187
-202
-229
-236
-236
-237
-239
-241
-243
-238
-225
-209
-191
-168
-149
-134
-117
-99
-81
-63
-50
-41
-31
-20
-7
6
21
36
54
70
81
89
95
98
101
105
109
112
114
116
117
117
118
118
118
117
115
113
112
111
111
111
111
109
107
105
104
101
98
95
91
87
85
83
81
80
79
79
80
81
82
82
80
77
75
73
71
69
67
66
65
64
65
65
65
63
61
59
58
57
57
56
54
52
51
49
48
46
44
41
39
37
36
36
37
38
39
41
43
46
48
50
52
53
54
54
54
55
56
57
58
59
60
61
60
59
57
55
53
51
50
50
50
51
51
50
48
47
46
44
42
40
37
35
34
33
33
33
32
32
31
31
31
31
31
31
31
31
32
33
33
34
35
37
39
40
41
42
43
43
44
46
47
47
46
45
44
42
39
36
32
28
25
23
22
22
21
20
20
19
17
14
9
5
2
0
0
1
4
6
8
10
12
13
14
15
14
12
10
9
9
10
12
14
16
18
22
27
31
34
35
36
37
39
42
44
47
49
52
55
59
63
66
67
66
64
61
59
56
52
47
42
36
29
21
12
-47
-145
-282
-452
-637
-817
-963
-1026
-1020
-924
-736
-507
-286
-108
12
60
77
88
97
101
97
85
71
60
47
34
26
24
26
31
35
40
47
53
52
37
17
3
-11
-25
-32
-31
-23
-12
-3
3
11
20
27
31
30
22
9
-3
-15
-24
-35
-48
-60
-70
-74
-73
-73
-72
-72
-71
-69
-64
-59
-55
-58
-68
-79
-86
-92
-97
-102
-109
-117
-128
-138
-149
-158
-166
-174
-183
-192
-200
-209
-216
-224
-231
-239
-246
-252
-259
-265
-271
-277
-283
-288
-290
-291
-289
-286
-281
-274
-265
-254
-240
-215
-198
-186
-168
-136
-104
-81
-66
-56
-48
-40
-32
-20
-8
1
11
20
27
32
35
38
44
52
51
37
29
24
19
15
14
13
15
18
21
25
28
30
33
35
36
37
37
38
38
38
38
38
37
37
36
35
35
35
34
34
34
34
34
34
35
37
39
41
42
43
44
44
45
45
46
47
51
56
59
60
56
50
44
40
35
30
25
21
18
15
14
15
17
19
23
28
34
40
46
55
74
82
87
92
96
94
80
64
56
50
44
37
31
26
21
17
15
14
14
15
18
22
27
32
37
42
47
52
58
67
77
83
82
77
70
62
53
40
29
22
17
12
8
3
0
-2
0
6
15
23
26
29
33
36
39
43
46
48
49
50
51
53
54
56
57
58
59
60
60
60
58
55
52
50
49
48
48
48
48
48
47
47
47
46
43
40
36
32
29
25
22
19
17
15
13
12
10
7
3
1
0
1
3
6
9
12
14
17
19
21
23
25
27
28
29
30
32
34
36
37
37
37
38
39
40
42
44
46
49
53
61
68
72
69
60
47
5
-66
-164
-291
-449
-632
-818
-963
-990
-966
-818
-600
-366
-154
7
116
179
203
203
184
131
59
11
-7
-4
23
46
67
81
81
69
56
49
44
40
36
33
29
26
23
22
22
22
22
22
23
24
26
26
26
26
26
30
29
13
0
-10
-21
-32
-43
-53
-66
-76
-77
-69
-59
-50
-41
-34
-30
-32
-39
-48
-57
-65
-76
-86
-93
-99
-104
-108
-111
-114
-118
-123
-128
-132
-138
-144
-154
-173
-210
-241
-262
-282
-296
-307
-316
-320
-318
-310
-298
-286
-270
-253
-234
-217
-202
-187
-172
-158
-146
-136
-127
-118
-107
-96
-83
-69
-54
-39
-27
-16
0
18
34
38
39
42
45
47
49
50
51
51
52
53
54
53
51
48
46
44
43
43
43
43
44
46
47
48
48
47
45
43
42
42
42
42
42
43
43
44
45
46
45
43
40
39
37
35
33
31
29
27
25
24
21
14
15
26
30
33
35
37
37
38
39
41
43
46
47
48
49
50
52
53
54
54
52
51
49
49
47
46
44
42
41
40
40
38
32
25
27
44
65
80
94
107
116
116
112
104
94
78
56
50
48
45
43
40
37
35
36
39
45
51
57
63
69
76
83
88
90
91
92
93
97
103
107
99
84
68
52
45
42
37
30
31
48
54
58
62
65
67
69
71
73
75
77
79
81
83
84
84
83
82
80
78
75
73
72
70
69
68
68
67
67
66
65
63
60
56
51
46
41
36
32
28
26
23
22
20
16
12
8
7
8
10
12
15
18
22
28
31
31
27
20
14
11
8
4
0
-3
-7
-9
-11
-11
-10
-8
-4
1
7
13
19
25
31
41
52
59
59
53
43
27
-20
-117
-243
-397
-569
-744
-898
-996
-1007
-969
-832
-636
-410
-194
-18
101
147
163
141
113
89
68
55
45
37
32
31
33
36
38
40
41
44
46
48
50
52
54
55
55
55
53
49
44
38
33
28
24
21
18
15
12
9
4
0
-3
-7
-10
-12
-13
-13
-14
-13
-13
-13
-12
-12
-11
-11
-10
-12
-16
-24
-33
-46
-67
-87
-97
-104
-109
-112
-114
-116
-118
-122
-126
-130
-135
-140
-145
-151
-158
-166
-174
-183
-192
-203
-214
-226
-241
-255
-260
-255
-242
-228
-217
-207
-197
-186
-173
-160
-144
-125
-99
-74
-49
-19
12
39
48
54
60
65
68
71
74
76
78
80
81
81
82
82
82
82
81
79
78
78
78
77
77
76
74
72
71
70
68
66
63
61
60
60
60
60
60
59
58
57
55
54
53
51
50
49
48
47
47
47
47
48
49
49
49
49
48
47
45
44
43
42
43
44
45
46
46
46
45
45
44
43
41
38
36
34
33
31
30
29
27
26
26
27
27
26
26
25
25
26
27
29
32
36
41
52
59
50
36
31
29
26
23
20
16
13
11
9
8
7
7
7
8
10
10
10
10
11
12
13
15
17
18
18
19
19
19
18
17
14
11
9
8
8
7
6
6
6
4
1
-2
-7
-10
-11
-9
-7
-4
-1
0
2
6
10
14
17
19
20
20
20
19
17
15
12
9
6
3
0
-3
-6
-8
-10
-10
-11
-13
-16
-22
-29
-36
-38
-38
-36
-35
-33
-32
-31
-30
-28
-27
-27
-27
-27
-27
-26
-26
-26
-27
-28
-29
-30
-30
-29
-29
-28
-27
-26
-24
-21
-18
-15
-13
-10
-7
-3
0
3
5
6
8
10
13
17
21
23
25
26
25
24
22
18
13
5
-2
-11
-32
-78
-159
-286
-456
-654
-848
-1004
-1056
-1041
-911
-690
-437
-209
-52
6
23
35
40
41
38
31
24
17
10
2
-1
-1
3
11
18
22
26
31
35
40
43
44
43
40
36
30
25
21
17
12
6
2
-1
-2
-1
0
3
6
10
15
23
28
17
-2
-14
-22
-29
-35
-41
-47
-53
-59
-65
-69
-73
-77
-81
-85
-89
-93
-96
-99
-102
-105
-110
-115
-121
-126
-132
-137
-143
-149
-155
-162
-168
-176
-185
-194
-203
-210
-215
-219
-221
-222
-221
-219
-215
-210
-204
-198
-191
-184
-174
-157
-138
-124
-111
-98
-87
-74
-59
-42
-24
-8
7
23
37
52
64
71
76
80
84
88
93
97
101
104
106
107
108
108
106
104
100
95
90
84
79
74
70
66
63
61
59
56
54
50
47
43
39
36
35
34
33
33
33
33
33
32
30
29
27
25
23
22
21
20
18
16
12
4
-4
-8
-5
2
10
16
22
28
32
34
32
28
23
19
16
13
10
7
5
4
4
6
9
12
16
20
22
24
25
25
26
29
32
35
37
38
38
38
38
38
37
36
34
33
34
35
38
40
41
42
42
42
42
42
41
40
39
39
40
40
41
42
42
41
41
40
39
38
37
37
37
39
41
44
48
52
55
58
60
61
61
63
66
69
72
76
79
83
86
88
87
84
79
72
66
61
55
49
43
38
34
32
31
32
33
35
38
42
47
51
55
58
64
71
77
77
69
55
43
36
30
25
20
15
9
4
1
-1
-3
-5
-6
-7
-7
-4
0
3
8
12
16
21
26
31
36
40
43
48
55
62
67
69
69
67
64
62
60
58
55
51
47
44
42
41
41
41
42
44
47
51
56
59
50
30
0
-47
-133
-255
-411
-582
-746
-862
-900
-864
-758
-552
-330
-144
-27
29
66
95
120
141
162
173
162
136
104
69
64
59
54
51
53
56
58
60
62
63
62
57
50
44
43
41
39
35
32
29
26
23
21
18
16
15
15
15
14
13
10
7
5
3
0
-5
-13
-22
-29
-35
-41
-46
-50
-55
-59
-63
-67
-73
-80
-89
-99
-107
-116
-124
-133
-142
-151
-160
-167
-176
-188
-207
-221
-233
-240
-245
-249
-252
-254
-258
-263
-268
-273
-278
-283
-289
-299
-307
-306
-298
-284
-269
-248
-223
-195
-171
-159
-150
-143
-136
-127
-113
-96
-77
-54
-34
-17
-5
3
11
18
21
22
20
17
12
7
1
-3
-6
-2
4
11
16
22
29
36
41
42
40
37
33
30
28
26
23
19
14
11
9
8
8
7
7
6
7
7
8
6
0
0
11
18
25
31
35
36
34
30
27
25
23
18
13
8
5
5
7
9
11
11
11
12
15
18
21
22
23
24
24
24
23
22
21
19
18
20
23
27
31
35
38
39
37
32
27
22
17
12
5
0
-3
-2
2
8
15
22
29
38
49
58
62
60
56
50
43
35
20
20
36
47
55
63
68
69
65
59
52
47
42
36
29
24
21
23
30
38
45
50
55
62
69
75
78
77
73
68
62
58
54
50
45
41
38
36
35
34
33
34
35
38
42
45
49
52
58
63
62
52
41
38
36
33
30
27
24
21
17
14
11
9
6
5
4
3
4
5
5
5
5
4
3
2
1
0
0
-2
-2
-1
1
4
7
11
15
19
24
28
31
33
34
35
41
50
59
67
70
72
73
75
77
77
76
73
69
68
69
73
77
81
86
88
80
58
-6
-100
-227
-384
-561
-738
-882
-936
-926
-820
-632
-413
-216
-67
35
110
144
165
180
179
155
119
80
67
63
60
59
58
58
57
56
55
53
50
47
44
41
39
36
35
33
32
31
29
28
26
25
22
19
15
11
7
4
1
0
-1
-2
-2
-2
-1
-1
-2
-4
-6
-9
-11
-14
-18
-22
-27
-31
-35
-40
-48
-58
-69
-79
-88
-97
-105
-112
-118
-124
-131
-137
-144
-150
-157
-164
-172
-180
-186
-192
-196
-201
-206
-213
-219
-226
-230
-233
-236
-237
-238
-237
-235
-230
-224
-216
-209
-200
-182
-137
-97
-68
-35
-10
8
26
48
67
80
89
98
107
114
119
121
122
122
120
118
115
113
110
108
107
105
101
93
83
76
75
79
86
92
97
102
108
114
118
119
117
113
109
106
104
103
101
99
96
94
93
92
91
91
90
90
89
88
87
85
83
81
79
77
75
73
71
68
65
62
59
57
56
55
54
52
51
50
49
49
48
48
47
47
47
47
48
47
46
45
44
45
46
47
48
48
47
47
46
46
44
43
41
39
38
37
37
37
38
38
37
35
27
18
12
13
17
21
23
25
26
27
29
30
32
32
30
27
23
19
15
12
10
8
7
6
5
4
4
3
2
1
2
3
6
8
10
13
15
18
22
24
25
25
24
25
28
30
30
23
14
4
-2
-9
-16
-22
-28
-31
-31
-29
-27
-24
-21
-18
-14
-8
-3
1
4
6
6
5
3
0
-4
-10
-16
-22
-27
-32
-37
-41
-45
-49
-54
-58
-62
-67
-70
-71
-70
-66
-61
-54
-47
-40
-32
-24
-18
-13
-10
-6
-3
0
4
7
10
11
11
10
9
8
6
3
0
-1
-3
-5
-8
-11
-15
-19
-20
-15
-4
8
24
43
45
27
-22
-114
-238
-390
-563
-745
-906
-998
-1003
-939
-772
-563
-363
-210
-96
0
97
136
166
167
112
28
-2
-17
-27
2
35
62
69
69
67
67
67
67
68
69
69
68
66
65
63
61
58
54
50
47
44
42
40
38
35
32
29
28
26
25
23
20
16
12
6
-1
-19
-31
-28
-20
-15
-10
-6
-3
-4
-12
-23
-32
-38
-42
-46
-51
-57
-63
-69
-74
-81
-86
-92
-97
-102
-108
-114
-121
-132
-155
-173
-180
-185
-189
-192
-194
-197
-200
-202
-202
-202
-200
-196
-192
-185
-177
-167
-154
-133
-114
-97
-83
-71
-60
-48
-35
-23
-10
2
15
26
36
45
49
54
59
64
68
71
73
76
78
80
81
79
75
71
68
65
62
59
56
54
52
52
51
49
46
41
38
35
34
33
32
32
32
34
38
42
45
48
50
51
53
58
63
67
68
64
57
50
43
39
35
30
25
20
17
15
15
15
16
16
18
21
24
28
31
32
33
33
36
40
45
47
47
42
35
28
22
17
11
4
-1
-7
-9
-9
-6
-3
0
3
6
10
14
19
23
25
27
29
29
29
27
24
20
17
14
12
11
10
9
7
6
4
2
0
-3
-7
-10
-12
-13
-13
-11
-9
-5
0
3
7
10
12
14
15
17
19
21
25
29
33
38
43
45
44
40
34
27
20
13
7
1
-6
-12
-16
-19
-19
-17
-14
-9
-3
3
9
14
20
24
29
32
35
34
29
21
12
2
-5
-12
-18
-26
-34
-41
-48
-54
-58
-61
-61
-60
-58
-54
-49
-43
-38
-32
-26
-21
-13
-2
10
19
20
19
18
16
16
14
11
10
12
18
23
26
27
28
29
30
33
36
38
39
39
40
39
38
37
35
32
29
25
21
16
11
3
-4
-22
-63
-131
-219
-340
-500
-688
-870
-982
-989
-917
-730
-501
-282
-112
1
73
99
108
93
69
58
51
44
39
34
30
26
22
18
14
11
9
6
5
5
5
6
6
5
4
3
2
2
2
3
3
3
3
2
1
0
-1
-4
-8
-12
-15
-18
-21
-24
-27
-30
-35
-43
-54
-63
-68
-69
-70
-71
-72
-72
-71
-68
-65
-65
-73
-84
-94
-100
-105
-110
-117
-124
-131
-138
-143
-148
-153
-158
-163
-166
-169
-172
-176
-181
-188
-196
-203
-210
-215
-219
-222
-223
-222
-220
-215
-209
-201
-194
-186
-179
-165
-134
-107
-71
-24
-1
9
19
28
35
41
47
51
54
57
60
64
68
74
85
95
101
99
94
87
79
69
64
68
76
81
86
91
95
96
92
87
82
79
77
74
71
67
64
61
59
58
57
55
54
54
54
55
56
56
55
54
52
51
51
50
49
48
48
47
48
48
47
47
46
46
47
48
49
49
47
46
44
44
44
43
41
40
38
38
40
43
46
49
51
53
56
59
62
64
65
65
66
70
75
79
80
76
67
56
48
42
35
28
21
14
10
10
13
19
25
30
34
36
38
40
43
46
48
49
50
51
53
55
57
58
58
57
56
56
57
59
59
59
59
59
60
62
64
65
65
64
64
64
64
64
62
60
58
56
56
56
55
54
52
50
49
47
45
44
42
40
38
36
36
36
35
35
34
32
29
26
23
20
16
12
9
6
4
4
4
4
4
4
4
3
3
1
0
-2
-5
-6
-6
-5
-5
-4
-3
-2
-1
0
2
2
3
4
6
8
10
11
12
12
13
14
14
15
16
17
19
21
23
24
23
21
19
16
14
11
6
0
-7
-15
-23
-67
-142
-241
-369
-530
-710
-883
-994
-1000
-921
-722
-487
-279
-133
-50
-24
-3
14
24
32
40
45
49
52
52
52
51
50
49
50
51
51
49
46
44
43
43
43
43
42
39
36
33
30
28
25
21
17
14
11
6
0
-6
-13
-18
-21
-21
-19
-16
-13
-10
-8
-6
-3
0
2
3
1
-6
-17
-30
-41
-50
-59
-68
-76
-84
-92
-98
-104
-110
-115
-120
-125
-130
-136
-143
-151
-161
-171
-181
-191
-200
-209
-217
-224
-231
-239
-245
-250
-253
-254
-253
-252
-251
-249
-245
-239
-230
-218
-195
-175
-155
-135
-113
-85
-48
-22
-7
5
17
27
32
36
40
43
46
49
50
50
49
48
48
48
47
46
43
42
40
39
38
37
35
32
31
30
29
29
29
29
29
31
32
34
36
37
38
39
40
41
41
42
42
42
42
42
42
42
42
44
45
46
46
46
45
44
43
42
40
38
36
34
33
32
32
32
31
31
30
31
32
33
33
32
31
31
32
33
34
34
34
34
34
36
37
38
38
39
40
44
45
38
34
30
26
23
21
20
19
19
19
19
21
24
27
29
31
33
34
36
38
38
38
38
39
42
46
48
45
37
31
28
27
25
21
17
13
10
7
6
4
3
4
6
10
14
17
19
21
22
23
25
26
26
25
27
31
36
40
44
45
45
43
41
38
35
28
24
24
25
25
26
27
28
28
28
27
24
22
19
17
16
14
13
12
12
12
12
11
8
5
3
1
0
-1
-3
-5
-7
-9
-10
-13
-17
-22
-24
-22
-16
-7
0
4
9
14
19
24
29
31
30
28
26
25
24
23
22
21
19
17
16
16
16
15
14
15
16
19
22
26
29
33
38
48
48
31
-15
-78
-168
-295
-459
-650
-845
-1007
-1074
-1066
-957
-751
-510
-283
-106
12
65
83
91
89
76
60
50
42
35
30
26
23
21
20
20
21
24
27
31
35
40
43
49
55
61
63
62
56
50
44
40
35
30
24
17
12
7
3
0
-3
-6
-8
-9
-10
-10
-11
-12
-14
-15
-17
-18
-20
-22
-24
-26
-28
-29
-30
-31
-32
-35
-37
-41
-47
-60
-74
-89
-99
-106
-111
-115
-120
-125
-130
-135
-139
-145
-151
-159
-175
-200
-205
-209
-212
-215
-214
-204
-191
-181
-171
-161
-151
-142
-132
-121
-109
-96
-84
-71
-56
-38
-23
-11
3
21
44
60
72
82
87
89
90
90
90
91
92
92
93
93
92
91
91
92
92
92
92
91
92
92
93
93
91
89
86
85
84
83
82
81
79
76
74
70
60
51
48
49
50
50
50
50
50
51
52
55
57
59
61
61
61
60
60
59
57
55
53
50
48
46
45
43
42
40
39
37
36
34
33
31
30
29
27
25
22
19
18
18
19
21
23
24
25
26
26
27
26
25
23
21
19
18
16
15
15
15
15
15
13
7
0
-3
-4
-2
-1
0
1
3
6
6
4
0
-3
-6
-9
-11
-15
-18
-21
-22
-20
-17
-11
-5
1
8
16
29
43
52
59
72
86
67
37
5
-8
-16
-22
-26
-27
-27
-25
-22
-18
-15
-13
-12
-9
-7
-5
-4
-2
0
2
4
5
6
5
3
1
0
-2
-4
-6
-7
-9
-9
-9
-9
-10
-11
-13
-16
-21
-25
-27
-27
-26
-24
-21
-14
-10
-16
-26
-31
-34
-36
-38
-40
-44
-48
-51
-53
-53
-52
-49
-46
-41
-35
-29
-22
-17
-13
-11
-9
-7
-6
-5
-4
-4
-4
-2
0
3
6
8
11
13
16
17
19
20
22
24
29
41
51
52
47
37
7
-61
-161
-292
-449
-620
-788
-929
-983
-972
-862
-666
-434
-220
-68
7
36
51
61
70
75
66
50
43
38
35
32
30
29
28
26
24
21
17
14
13
12
11
10
7
5
2
0
-1
-3
-4
-5
-6
-7
-8
-10
-12
-14
-16
-18
-20
-21
-23
-25
-27
-29
-31
-33
-34
-35
-36
-38
-40
-43
-46
-49
-53
-61
-71
-80
-88
-95
-100
-102
-105
-108
-111
-115
-118
-122
-126
-132
-139
-147
-155
-163
-171
-183
-196
-206
-211
-214
-217
-219
-222
-226
-230
-233
-234
-233
-230
-226
-220
-213
-204
-194
-176
-161
-148
-129
-96
-62
-38
-20
-10
-4
0
3
7
10
15
20
26
34
42
50
57
66
76
85
91
94
95
95
95
96
97
100
96
76
66
59
54
51
48
46
45
45
46
47
49
51
53
55
56
57
59
62
64
66
67
67
67
65
64
62
60
57
54
50
47
44
42
41
40
39
38
38
38
38
39
41
42
44
47
49
53
57
60
63
63
63
61
59
58
57
55
53
51
49
48
48
48
48
47
45
45
46
47
48
47
45
42
40
39
39
38
36
32
28
26
25
24
22
19
16
13
12
15
19
22
25
27
31
37
42
46
46
45
44
43
42
39
36
34
38
43
46
49
52
55
59
63
68
72
74
74
72
69
66
63
59
55
52
49
46
44
42
36
29
24
23
28
36
44
51
62
70
68
58
46
41
38
35
32
30
29
28
27
25
23
20
17
13
10
7
5
2
0
-2
-5
-8
-11
-15
-21
-29
-37
-43
-45
-45
-43
-40
-36
-33
-29
-24
-19
-13
-7
-1
3
8
12
17
23
31
39
45
45
40
32
25
18
9
0
-3
0
11
23
34
48
59
59
48
32
7
-30
-94
-178
-292
-437
-605
-779
-929
-1003
-1002
-920
-747
-537
-340
-181
-65
22
74
92
99
92
77
68
60
54
48
44
39
36
32
29
26
24
22
20
16
11
7
4
4
7
11
15
17
20
23
27
30
35
39
42
44
46
47
48
50
51
52
54
59
70
77
68
49
34
19
7
2
0
-2
-5
-8
-10
-12
-14
-15
-16
-18
-21
-25
-28
-33
-37
-43
-52
-67
-83
-98
-113
-128
-143
-157
-170
-182
-191
-197
-203
-207
-212
-215
-218
-221
-224
-226
-228
-231
-237
-241
-239
-227
-206
-175
-121
-85
-65
-50
-38
-28
-21
-14
-7
0
6
14
22
29
31
32
34
37
39
40
41
42
44
46
47
47
46
45
45
45
45
44
42
39
37
35
34
34
33
32
32
33
35
37
38
38
37
37
37
37
36
35
36
38
42
45
42
33
25
21
18
15
12
8
4
2
0
0
2
4
6
8
11
15
20
25
29
35
46
57
59
54
48
43
37
32
27
25
26
30
36
43
51
65
73
65
50
41
34
27
21
18
18
21
27
36
46
55
63
72
81
89
96
98
96
91
84
76
69
61
51
39
30
27
29
36
45
53
59
69
79
87
89
81
69
58
53
48
44
40
35
29
23
17
12
9
6
5
4
4
4
6
8
11
14
17
20
23
27
31
37
42
48
53
59
68
80
91
99
101
99
92
83
72
59
38
1
-28
-48
-64
-75
-79
-76
-66
-52
-27
13
35
46
54
57
55
47
35
20
4
-22
-35
-42
-46
-50
-53
-56
-58
-58
-55
-48
-40
-32
-27
-23
-18
-12
-7
-1
1
1
0
-2
-5
-9
-14
-20
-28
-34
-40
-45
-52
-60
-69
-74
-76
-70
-59
-45
-29
-9
23
28
17
-15
-86
-187
-327
-496
-676
-835
-916
-944
-912
-815
-664
-484
-301
-145
-26
74
107
124
113
76
55
46
51
59
64
68
70
72
71
68
62
55
48
44
42
39
36
33
31
29
28
26
24
23
21
21
21
21
22
22
23
24
25
25
24
23
20
16
13
10
7
2
-1
-6
-16
-41
-55
-60
-64
-68
-71
-74
-76
-80
-84
-89
-93
-97
-100
-103
-108
-114
-122
-131
-149
-165
-167
-164
-160
-157
-154
-151
-147
-146
-151
-161
-174
-187
-197
-210
-224
-235
-241
-238
-230
-218
-204
-187
-162
-138
-116
-100
-88
-78
-68
-58
-47
-37
-25
-13
4
30
54
76
85
91
97
103
107
111
114
116
118
120
122
123
124
123
121
119
117
113
108
102
97
91
86
81
77
74
71
69
68
68
67
65
63
60
57
54
52
50
50
50
52
54
57
60
62
63
63
63
62
60
59
58
57
56
57
59
61
62
63
63
62
60
59
59
59
58
56
55
54
54
55
55
54
51
49
48
47
46
46
45
44
43
43
44
44
42
39
36
33
30
29
28
26
24
23
22
23
24
25
26
25
24
23
23
22
21
20
18
17
15
14
14
14
14
14
15
16
18
21
23
25
26
27
27
26
25
23
20
17
14
12
11
10
9
8
8
7
5
1
-5
-12
-16
-14
-8
0
6
12
18
24
29
34
38
40
39
37
34
30
25
19
13
8
3
0
-4
-8
-12
-14
-14
-12
-9
-6
-3
0
3
11
18
18
6
-12
-33
-58
-74
-83
-93
-105
-100
-63
-48
-40
-33
-26
-21
-17
-13
-10
-7
-5
-3
0
0
1
2
2
3
3
4
5
5
5
4
4
4
4
4
5
6
8
11
15
23
20
-9
-52
-112
-222
-354
-511
-677
-829
-915
-943
-905
-792
-621
-439
-281
-161
-71
-10
32
60
78
81
69
49
14
-33
-63
-82
-90
-82
-68
-53
-36
-39
-62
-77
-89
-100
-107
-106
-95
-78
-57
-28
8
8
9
11
15
19
20
12
0
-8
-12
-14
-17
-21
-26
-30
-33
-35
-37
-39
-43
-46
-49
-49
-50
-51
-53
-57
-60
-64
-67
-70
-75
-80
-85
-89
-93
-96
-101
-106
-111
-117
-124
-131
-137
-144
-151
-159
-167
-177
-191
-215
-231
-237
-241
-245
-249
-253
-255
-254
-244
-226
-208
-192
-174
-157
-141
-128
-116
-104
-89
-72
-54
-36
-18
1
24
44
63
72
78
84
90
96
101
105
109
112
114
117
118
118
117
116
115
116
119
121
124
126
128
130
131
131
129
125
119
112
105
99
93
88
83
75
66
58
53
52
53
54
54
54
55
56
58
62
65
69
72
74
75
75
74
72
69
66
63
60
57
55
54
53
52
51
51
49
43
36
31
31
38
49
60
70
80
91
100
104
100
90
75
60
44
22
1
-9
-7
0
7
12
16
20
23
25
26
25
21
18
14
12
10
8
5
2
0
-2
-3
-4
-4
-3
-3
-1
0
2
2
2
1
0
-1
-2
-1
0
3
6
9
12
15
17
19
20
21
21
20
19
19
19
20
22
24
25
27
28
28
28
29
28
28
28
28
28
27
26
26
27
28
30
31
32
33
33
34
35
35
35
34
32
28
25
20
17
13
10
7
5
3
0
-2
-6
-10
-15
-21
-27
-32
-35
-36
-35
-33
-31
-28
-23
-19
-14
-10
-8
-7
-7
-6
-5
-5
-4
-3
-3
-2
0
1
2
2
2
3
4
6
8
10
12
13
14
14
14
14
14
13
12
11
8
5
1
-2
-29
-115
-226
-357
-504
-660
-811
-905
-937
-901
-788
-605
-416
-254
-132
-37
48
85
105
120
121
104
96
91
87
83
79
76
73
69
65
62
59
58
58
60
63
64
65
64
64
64
65
65
65
64
62
60
58
56
51
44
35
25
17
11
6
1
-4
-11
-18
-24
-30
-36
-42
-48
-53
-58
-60
-61
-62
-63
-63
-63
-63
-64
-64
-66
-69
-74
-79
-85
-91
-98
-106
-116
-126
-137
-146
-155
-162
-169
-177
-184
-192
-200
-207
-213
-217
-220
-220
-218
-215
-210
-204
-197
-189
-181
-173
-163
-145
-125
-108
-89
-69
-46
-27
-11
5
21
37
53
58
60
63
66
69
71
73
75
77
79
80
81
82
83
84
85
85
85
85
85
86
87
87
87
85
83
80
78
77
76
75
74
72
71
70
68
66
64
62
60
59
58
56
55
53
52
52
53
54
54
53
52
51
51
51
52
53
52
51
50
49
48
47
45
43
41
39
37
36
36
35
35
35
35
35
36
36
35
33
31
28
26
23
21
18
16
15
14
15
18
21
25
27
30
32
35
38
41
42
42
43
49
57
63
64
57
48
39
36
34
31
28
23
18
13
9
6
4
3
3
4
7
11
16
20
23
26
27
28
27
26
25
24
24
26
27
30
32
33
35
37
37
36
34
31
27
25
24
24
24
24
25
26
27
29
31
32
31
30
27
24
22
21
20
18
16
14
11
9
6
4
1
-2
-6
-9
-12
-15
-18
-21
-24
-27
-29
-30
-30
-31
-33
-35
-36
-37
-38
-38
-38
-40
-41
-43
-46
-47
-47
-42
-32
-23
-17
-12
-7
-3
0
3
5
5
2
-1
-6
-12
-18
-25
-34
-43
-47
-41
-26
-11
-2
6
15
23
29
34
35
34
28
19
5
-12
-85
-195
-339
-517
-714
-899
-1016
-1028
-962
-773
-538
-310
-128
-5
54
77
76
51
35
22
11
3
2
6
10
15
18
20
22
25
28
31
36
39
41
41
40
37
33
29
24
19
14
10
6
3
1
0
-2
-5
-7
-10
-13
-16
-19
-22
-25
-28
-30
-31
-33
-36
-38
-41
-43
-46
-47
-49
-51
-53
-56
-60
-64
-68
-73
-78
-84
-89
-95
-101
-106
-110
-116
-124
-134
-151
-183
-203
-216
-226
-235
-241
-245
-248
-249
-250
-251
-253
-254
-255
-255
-256
-256
-255
-253
-250
-245
-238
-230
-216
-183
-147
-112
-88
-73
-57
-40
-25
-13
0
14
28
37
44
50
56
61
65
68
70
70
70
70
72
75
78
82
85
85
83
81
80
78
76
74
73
75
79
83
86
88
91
95
98
101
100
95
87
79
72
69
65
61
56
51
47
45
44
44
44
43
42
42
43
45
48
52
54
57
63
62
51
45
40
34
30
27
26
28
32
38
43
49
56
64
72
79
82
83
85
90
98
95
70
56
47
39
33
28
25
23
22
23
25
28
30
32
34
38
43
48
51
51
49
46
41
37
30
19
16
19
24
30
31
23
18
14
11
9
9
9
9
8
7
8
11
15
20
24
27
29
33
38
42
45
47
47
46
45
44
42
40
37
33
28
23
15
0
-1
15
34
53
62
67
73
77
76
68
57
47
35
26
26
29
31
33
34
36
37
38
38
39
39
40
39
37
34
29
23
18
15
13
10
6
2
-2
-5
-8
-10
-12
-14
-16
-16
-16
-14
-13
-15
-17
-20
-22
-20
-14
-7
-2
1
5
9
15
20
24
28
30
33
37
40
43
46
49
52
61
70
71
63
53
44
36
29
25
22
18
12
3
5
25
48
71
81
88
95
93
71
11
-78
-204
-367
-561
-762
-934
-1020
-1020
-936
-750
-527
-321
-170
-76
-11
53
118
135
139
141
141
142
139
130
117
95
51
20
2
-9
-10
0
13
19
23
28
31
35
38
41
44
46
48
49
50
49
47
44
40
36
32
28
25
22
18
15
13
11
10
8
5
1
-1
-5
-8
-11
-14
-17
-21
-25
-28
-30
-34
-38
-44
-51
-59
-66
-73
-78
-84
-91
-102
-119
-141
-171
-208
-224
-230
-236
-241
-246
-250
-253
-256
-258
-259
-259
-258
-256
-253
-249
-245
-240
-235
-229
-222
-215
-206
-188
-171
-159
-146
-130
-112
-96
-80
-68
-58
-46
-25
-1
10
18
27
35
42
48
53
57
60
63
65
65
64
62
60
60
61
62
62
62
62
62
64
65
66
62
55
46
36
26
16
4
-8
-17
-21
-23
-25
-30
-39
-38
-16
-6
0
6
11
16
21
26
30
34
35
34
33
31
29
27
24
22
18
14
10
6
1
-11
-19
-9
7
20
31
41
49
54
59
71
87
60
42
32
23
16
11
9
12
16
20
23
26
28
31
35
38
40
41
41
42
45
47
48
47
46
46
46
46
47
47
46
45
45
45
45
44
41
40
38
38
39
41
42
43
44
46
47
48
48
47
46
47
48
49
51
52
53
53
53
54
54
52
51
49
48
48
48
49
49
49
48
49
49
48
47
47
46
47
51
56
59
57
53
49
45
39
33
32
35
39
42
47
51
52
45
31
17
7
-2
-13
-23
-29
-30
-27
-21
-15
-8
-1
9
19
24
18
4
-12
-25
-37
-49
-58
-61
-59
-53
-43
-30
-11
17
32
43
53
60
60
50
33
14
-9
-18
-20
-21
-22
-23
-25
-27
-28
-28
-27
-26
-24
-22
-19
-15
-7
-8
-36
-113
-234
-403
-603
-790
-917
-959
-934
-863
-708
-532
-363
-224
-118
-23
71
140
164
151
111
31
-19
-36
-17
15
40
49
54
58
59
53
41
29
22
16
11
6
1
-3
-5
-4
-1
3
8
12
14
16
20
26
30
32
27
16
4
-5
-11
-16
-24
-33
-41
-47
-51
-53
-54
-56
-57
-59
-59
-58
-56
-56
-58
-60
-62
-63
-65
-67
-72
-79
-87
-93
-99
-106
-113
-121
-130
-140
-149
-158
-169
-187
-212
-222
-226
-228
-230
-232
-233
-235
-235
-236
-234
-230
-224
-215
-204
-192
-179
-165
-147
-128
-111
-99
-89
-77
-62
-41
-21
-1
13
25
35
43
51
56
61
66
72
78
83
86
87
84
81
77
73
70
67
64
61
58
56
54
52
49
46
44
43
42
42
42
43
43
44
44
44
43
40
37
33
25
20
20
24
27
31
34
37
37
36
35
36
37
36
34
32
29
27
26
26
26
26
27
28
30
32
34
34
35
35
34
35
37
39
42
44
47
49
52
56
59
63
66
68
71
75
80
84
87
89
89
87
85
82
78
74
69
63
58
54
50
45
40
36
32
30
33
40
49
59
67
74
81
88
96
103
107
108
104
97
87
77
66
55
44
28
11
0
0
6
16
30
57
98
118
129
138
144
144
136
123
109
98
87
76
67
59
52
47
44
41
38
36
32
26
21
18
22
31
41
51
62
73
78
72
57
41
32
24
15
6
-2
-10
-16
-20
-22
-23
-23
-23
-21
-18
-16
-14
-16
-21
-25
-24
-18
-16
-14
-13
-11
-8
-5
-1
2
7
10
11
12
11
11
11
12
12
12
13
15
18
22
26
28
29
29
28
26
23
20
16
12
8
8
10
14
18
25
35
13
-51
-144
-266
-413
-586
-774
-944
-1032
-1031
-934
-730
-484
-251
-63
29
61
77
77
68
57
46
32
25
30
40
45
47
49
49
49
49
50
51
51
49
45
40
34
28
22
13
3
-3
-4
-5
-5
-6
-7
-7
-7
-6
-6
-4
-3
-2
-1
-1
-3
-5
-9
-12
-16
-21
-25
-31
-35
-39
-43
-48
-52
-57
-62
-68
-74
-78
-82
-86
-89
-94
-98
-103
-109
-115
-123
-132
-140
-148
-154
-158
-161
-165
-170
-177
-185
-192
-200
-207
-214
-221
-227
-230
-230
-227
-223
-219
-215
-208
-200
-188
-176
-162
-148
-134
-112
-62
-20
13
25
33
40
49
57
65
72
77
81
84
88
92
94
95
95
93
92
91
90
90
90
90
91
92
91
90
89
87
85
83
81
79
77
76
76
77
79
80
81
81
80
78
76
74
71
67
63
60
57
55
53
52
52
52
52
51
50
48
45
43
41
39
38
38
38
40
42
45
48
51
53
55
56
56
56
54
52
48
36
32
30
30
30
31
32
33
33
34
33
32
32
31
30
29
29
29
30
32
32
32
32
30
29
29
28
28
27
26
26
25
25
25
24
23
22
22
23
24
26
28
29
31
32
34
35
36
37
37
37
37
37
38
39
39
39
38
38
37
36
35
34
32
31
30
30
30
30
31
31
31
30
28
25
22
20
18
17
15
14
13
13
13
14
14
14
14
14
13
11
9
6
3
0
-2
-5
-9
-13
-17
-19
-21
-21
-22
-23
-27
-31
-35
-40
-46
-52
-57
-61
-61
-59
-54
-47
-41
-36
-33
-30
-26
-23
-20
-18
-18
-19
-20
-20
-21
-23
-24
-26
-27
-25
-22
-17
-13
-9
-7
-3
1
7
14
21
31
50
67
67
51
19
-79
-198
-342
-510
-687
-852
-958
-994
-948
-807
-563
-293
-68
9
28
40
48
51
53
55
55
53
51
49
47
43
39
36
35
34
34
34
33
32
30
27
24
22
20
19
17
16
14
12
10
7
3
0
-5
-9
-12
-15
-17
-20
-23
-25
-26
-27
-28
-29
-31
-32
-33
-35
-38
-42
-48
-53
-59
-64
-68
-73
-78
-85
-92
-99
-106
-113
-120
-127
-135
-142
-149
-154
-159
-164
-169
-174
-180
-186
-191
-196
-203
-210
-217
-225
-230
-234
-236
-236
-236
-234
-231
-227
-222
-216
-209
-202
-193
-176
-157
-141
-126
-107
-83
-47
-18
4
20
31
38
44
49
55
59
63
66
68
70
71
71
72
72
72
73
73
73
74
74
76
77
78
78
78
77
77
77
77
78
79
79
80
80
79
77
75
71
68
64
61
59
57
55
54
52
48
39
26
16
12
14
18
23
27
34
41
47
50
50
49
47
44
40
37
34
31
28
25
23
21
21
23
25
26
27
26
24
23
22
22
22
22
22
22
25
28
31
33
35
36
38
39
40
41
40
39
36
35
33
32
31
31
31
31
32
32
33
33
33
33
32
30
28
26
25
26
27
29
30
31
31
32
33
34
35
35
35
34
34
33
33
33
33
33
33
34
35
35
36
36
36
36
36
38
39
41
42
43
43
42
42
41
40
38
36
34
33
34
34
33
33
31
29
27
25
24
22
20
19
18
17
17
17
16
15
13
9
6
3
0
-1
-2
-3
-3
-2
0
2
5
9
12
15
17
20
23
26
28
30
32
33
34
34
31
28
24
19
16
13
10
8
4
-1
-9
-15
-18
-16
-12
-5
1
9
22
30
21
-7
-92
-211
-359
-524
-690
-829
-881
-897
-857
-736
-595
-463
-353
-258
-165
-61
47
135
170
172
136
77
31
15
3
-1
4
13
17
19
21
22
23
26
28
30
31
30
29
28
26
25
22
19
17
15
14
13
11
9
7
6
5
3
1
0
-2
-5
-6
-9
-12
-16
-21
-26
-31
-35
-39
-44
-48
-53
-58
-62
-66
-71
-75
-80
-85
-89
-94
-99
-104
-110
-116
-123
-129
-134
-140
-146
-153
-160
-167
-173
-180
-188
-197
-206
-215
-221
-222
-221
-218
-215
-210
-206
-200
-192
-182
-171
-159
-145
-125
-98
-78
-63
-52
-41
-29
-15
4
29
56
73
84
94
100
105
108
110
111
112
114
117
120
121
122
121
119
116
113
110
105
100
96
95
96
99
102
105
110
114
107
95
89
86
82
79
76
73
69
64
60
58
56
56
56
56
57
57
56
56
53
47
41
39
42
47
51
57
59
43
16
1
-12
-25
-35
-42
-43
-39
-32
-24
-15
-8
-1
7
16
24
32
39
45
52
59
65
68
68
65
60
56
53
51
50
47
43
38
34
30
28
26
24
21
19
16
14
10
3
-13
-13
5
21
37
52
67
81
95
102
94
76
45
13
1
-6
-11
-12
-5
7
20
28
35
43
50
55
58
59
57
54
49
42
32
11
-23
-41
-54
-59
-53
-37
-14
20
54
86
111
128
114
75
4
-57
-93
-118
-134
-142
-138
-127
-98
-37
34
81
97
105
105
96
82
58
22
-11
-36
-45
-51
-55
-59
-59
-56
-47
-37
-26
-17
-4
7
16
20
22
23
23
26
22
5
-3
-11
-17
-23
-26
-27
-25
-23
-19
-15
-9
-4
1
8
14
19
25
34
48
49
30
20
12
6
1
-2
-7
-11
-15
-19
-22
-27
-33
-62
-173
-323
-503
-714
-903
-1051
-1089
-1073
-952
-764
-532
-340
-209
-105
-42
0
53
84
92
96
100
102
102
102
100
97
93
87
78
61
24
-15
-44
-58
-68
-71
-65
-52
-38
-19
0
14
25
33
36
33
24
15
8
1
-5
-11
-15
-16
-16
-17
-18
-18
-18
-18
-17
-16
-15
-14
-12
-11
-11
-12
-14
-17
-21
-26
-31
-36
-42
-46
-52
-57
-63
-69
-76
-83
-92
-100
-109
-119
-129
-138
-145
-152
-158
-164
-168
-172
-176
-181
-187
-192
-197
-203
-209
-217
-225
-230
-230
-221
-208
-191
-169
-136
-109
-85
-65
-41
-14
3
18
31
42
52
60
67
72
75
78
80
81
83
84
85
87
88
90
93
95
97
98
100
100
100
98
95
92
89
85
81
79
77
76
76
76
76
75
74
71
66
60
55
52
50
48
48
49
51
52
53
54
55
55
55
53
52
50
48
47
46
46
46
46
47
47
48
49
49
49
49
49
49
52
60
65
61
51
43
36
30
25
24
27
32
39
46
58
67
69
62
55
52
50
49
46
43
39
35
33
32
32
32
32
33
34
36
37
38
37
35
32
31
30
30
30
30
31
32
34
36
38
37
35
33
31
30
32
34
37
41
44
46
42
32
21
14
7
0
-5
-10
-14
-16
-17
-17
-16
-14
-11
-7
-3
0
5
8
13
24
37
44
43
37
30
23
14
7
7
14
21
24
29
34
38
40
38
34
27
20
13
5
-3
-11
-15
-15
-11
-6
0
6
15
23
23
11
-8
-31
-61
-75
-86
-97
-102
-95
-77
-49
-5
18
31
41
47
50
50
45
39
31
24
15
6
0
-2
-1
1
5
7
11
14
18
21
24
26
28
28
27
24
18
11
1
-9
-53
-138
-262
-428
-623
-823
-993
-1063
-1054
-935
-721
-478
-257
-89
24
78
110
132
128
94
72
57
44
35
30
29
28
27
24
19
13
8
5
6
8
10
11
13
15
17
20
22
23
23
21
19
16
12
8
4
2
1
0
-2
-4
-7
-9
-11
-13
-15
-17
-21
-24
-28
-31
-33
-34
-35
-36
-37
-37
-37
-38
-39
-42
-46
-51
-56
-62
-71
-94
-123
-139
-149
-157
-163
-168
-173
-180
-186
-192
-197
-202
-207
-211
-217
-223
-229
-234
-237
-238
-239
-239
-238
-235
-229
-221
-210
-199
-186
-172
-154
-121
-90
-69
-51
-37
-25
-15
-6
0
8
15
21
28
34
39
44
48
53
57
60
61
62
62
62
63
64
64
64
64
66
68
71
73
74
73
71
68
67
65
64
62
60
59
59
60
61
60
59
57
55
52
48
44
40
35
31
28
27
27
27
28
29
30
32
33
34
35
35
34
34
34
34
35
37
39
41
44
46
48
49
49
49
47
45
44
43
43
43
43
44
45
46
46
46
46
44
42
40
38
37
36
34
33
33
34
35
35
35
35
35
35
34
34
33
32
30
29
29
29
31
32
34
35
35
36
37
36
35
34
32
31
31
30
30
30
30
30
31
33
35
37
38
39
39
40
42
44
45
45
44
43
42
41
40
39
38
36
35
34
35
36
36
34
31
28
25
22
21
20
20
20
22
28
39
2
-25
-41
-56
-67
-74
-77
-76
-73
-68
-63
-55
-41
-30
-28
-32
-38
-41
-44
-46
-47
-48
-49
-46
-39
-30
-21
-15
-9
-4
0
3
7
10
13
16
17
20
22
24
26
28
29
30
31
33
35
36
38
39
41
45
53
60
63
60
48
26
-41
-155
-329
-557
-809
-1035
-1136
-1128
-988
-742
-470
-231
-68
0
25
40
51
58
62
61
56
50
46
43
41
38
35
32
30
29
28
28
28
28
29
30
31
31
30
28
25
22
19
15
13
11
9
8
7
5
0
-10
-23
-30
-28
-20
-11
-6
0
7
13
16
14
5
-6
-17
-24
-31
-37
-45
-53
-61
-69
-76
-82
-88
-92
-97
-101
-106
-111
-116
-123
-133
-147
-161
-174
-184
-193
-200
-206
-213
-220
-226
-231
-234
-236
-238
-239
-240
-238
-234
-228
-222
-215
-207
-199
-187
-173
-158
-145
-129
-107
-77
-48
-26
-9
6
23
38
45
49
52
55
57
60
62
64
67
69
72
75
76
77
76
75
75
75
74
73
72
71
70
69
68
67
67
66
66
66
66
65
64
62
61
61
60
59
57
54
52
52
53
54
55
55
53
50
48
47
45
42
38
34
31
28
27
26
26
24
22
21
22
26
33
41
48
56
70
79
71
56
47
38
30
23
20
20
22
26
30
35
41
49
58
63
62
57
52
47
41
37
37
46
56
64
72
81
85
80
69
58
52
46
40
35
31
27
25
25
27
32
37
44
51
57
64
70
77
82
86
89
90
91
89
87
84
80
77
74
72
71
70
68
66
64
62
61
60
60
60
60
61
63
64
65
64
63
61
58
56
54
51
47
43
40
37
35
34
31
27
23
18
14
9
4
0
-5
-10
-13
-16
-19
-21
-24
-27
-30
-33
-36
-40
-45
-49
-53
-55
-57
-57
-56
-54
-51
-47
-42
-38
-34
-31
-28
-23
-18
-12
-6
-1
2
6
9
12
13
14
16
18
25
33
39
41
37
31
25
20
13
6
3
5
10
17
27
40
21
-35
-126
-251
-401
-561
-719
-854
-930
-934
-877
-730
-545
-364
-211
-91
4
93
133
160
178
150
104
49
19
3
-8
-14
-16
-11
-2
7
17
25
32
40
47
53
58
63
66
68
66
63
57
51
45
38
32
24
10
-1
-7
-10
-11
-12
-14
-16
-18
-19
-19
-19
-20
-23
-26
-28
-29
-30
-29
-30
-32
-35
-38
-40
-43
-46
-51
-56
-61
-66
-70
-74
-78
-84
-91
-99
-107
-118
-136
-153
-167
-181
-195
-209
-220
-230
-238
-245
-253
-259
-262
-262
-254
-242
-228
-215
-197
-181
-169
-158
-146
-131
-115
-96
-78
-59
-42
-25
-5
17
38
51
61
69
74
76
78
80
81
82
83
84
84
85
87
88
90
91
90
88
84
80
75
71
67
62
59
56
55
54
53
52
51
49
47
45
44
42
41
40
39
39
40
40
41
41
41
41
40
39
38
37
36
35
34
34
36
38
40
42
42
42
41
41
40
40
39
38
38
40
44
47
49
49
47
44
42
40
38
33
28
23
20
20
21
23
23
23
24
26
29
31
31
28
22
16
12
10
8
4
0
-3
-5
-5
-5
-5
-5
-5
-3
0
3
7
10
10
8
4
1
-3
-11
-9
12
23
31
39
45
49
48
45
42
39
37
36
35
33
31
28
27
26
24
22
20
19
19
21
25
27
29
30
31
33
34
36
37
38
40
46
50
45
36
30
27
23
21
19
16
14
11
9
7
7
7
7
7
5
2
-3
-7
-7
-2
4
10
19
15
-9
-22
-29
-36
-41
-45
-48
-49
-49
-47
-45
-41
-38
-34
-30
-26
-22
-18
-14
-9
-4
1
5
9
12
16
21
31
41
48
49
45
41
36
31
26
21
16
13
13
14
15
18
20
27
37
13
-59
-169
-314
-491
-682
-857
-969
-980
-925
-747
-514
-288
-109
17
105
134
146
154
132
109
90
80
84
94
102
110
117
115
101
85
76
69
62
56
51
46
42
38
35
32
31
31
30
30
29
26
22
19
19
22
27
32
38
47
53
43
25
17
14
10
7
4
1
-3
-9
-16
-23
-29
-35
-40
-45
-49
-53
-57
-63
-70
-78
-84
-89
-91
-93
-94
-94
-94
-92
-88
-81
-103
-141
-173
-184
-190
-194
-198
-201
-203
-204
-204
-201
-198
-194
-191
-188
-185
-182
-179
-174
-168
-160
-151
-142
-130
-112
-78
-48
-23
-3
13
28
40
48
54
60
65
69
71
73
73
73
72
70
67
65
63
62
61
61
61
60
58
55
53
51
50
49
49
48
47
47
47
48
48
48
48
46
44
43
42
42
41
40
38
35
34
34
35
36
36
35
35
35
35
35
35
34
32
31
31
31
31
31
31
30
30
31
31
31
29
27
25
24
23
22
21
20
20
20
22
23
23
22
19
17
14
12
11
10
10
11
14
19
23
27
29
30
31
31
31
30
29
29
29
30
32
35
36
37
37
38
39
40
41
40
38
36
35
34
34
34
33
32
32
32
33
34
35
35
34
33
33
32
27
23
28
39
47
54
62
68
70
68
65
61
58
57
55
52
49
46
44
42
41
40
39
37
35
33
31
29
27
25
23
21
19
18
16
14
11
3
-4
-10
-12
-10
-5
-1
3
10
17
21
19
11
2
-4
-13
-20
-25
-25
-18
-8
0
5
9
13
15
18
21
23
26
27
28
28
27
28
28
29
30
31
32
32
32
31
31
32
32
34
36
40
45
56
61
53
29
-40
-125
-239
-381
-546
-718
-874
-979
-990
-938
-754
-511
-264
-66
55
93
105
114
110
79
32
-6
-24
-36
-15
3
16
26
29
29
30
31
32
33
34
34
33
31
28
25
21
17
13
9
7
5
3
2
0
-1
-4
-8
-12
-17
-22
-25
-28
-30
-32
-33
-35
-36
-36
-35
-34
-34
-36
-40
-43
-47
-51
-55
-62
-71
-80
-89
-100
-111
-123
-137
-150
-162
-174
-183
-190
-195
-202
-209
-215
-220
-224
-229
-234
-239
-244
-249
-253
-256
-260
-268
-277
-285
-289
-284
-271
-254
-236
-219
-196
-174
-160
-151
-141
-128
-107
-77
-52
-34
-16
2
21
35
49
61
69
73
73
74
74
74
74
73
73
73
73
73
73
73
73
73
73
72
72
70
69
68
67
67
67
68
68
67
66
65
64
62
60
58
56
53
52
51
50
50
49
48
47
45
44
42
41
39
37
36
35
36
39
42
46
48
50
52
54
55
55
55
54
53
52
52
53
55
55
55
55
54
54
54
53
51
49
46
44
43
43
42
41
40
40
42
44
47
49
51
52
53
54
54
54
51
48
46
44
43
42
41
40
39
37
36
34
25
14
13
26
42
53
64
74
82
85
82
77
71
65
60
55
51
47
45
43
41
39
37
37
37
38
39
40
41
42
43
45
46
47
49
52
54
51
44
37
34
31
29
28
27
26
25
25
24
24
24
25
24
23
21
19
16
14
12
10
8
5
2
0
-3
-6
-9
-13
-18
-24
-29
-33
-37
-40
-42
-44
-44
-42
-39
-34
-30
-27
-24
-21
-18
-15
-12
-9
-5
2
12
18
17
13
8
3
-2
-8
-13
-15
-12
-7
-1
5
15
23
24
19
12
5
-3
-8
0
15
31
50
49
21
-54
-178
-345
-543
-744
-918
-1022
-1036
-992
-845
-635
-401
-189
-26
50
78
80
69
64
62
60
59
57
56
55
53
50
45
41
38
37
36
35
33
31
29
28
26
26
25
24
22
20
19
18
18
18
18
18
19
20
20
20
19
16
13
8
4
0
-4
-8
-12
-16
-20
-24
-31
-40
-50
-59
-64
-66
-67
-67
-65
-63
-60
-53
-55
-78
-90
-96
-102
-109
-116
-123
-130
-136
-142
-147
-154
-163
-180
-205
-208
-210
-211
-213
-214
-215
-216
-217
-218
-218
-216
-212
-206
-198
-190
-174
-136
-100
-74
-41
-20
-7
3
14
25
35
45
54
66
80
93
98
100
101
101
100
100
99
99
99
100
101
102
103
103
103
102
101
100
99
97
96
94
92
90
88
86
85
84
84
83
82
80
79
78
77
75
72
69
61
52
48
50
58
67
76
89
97
83
60
51
46
42
38
34
30
27
23
20
18
17
15
13
13
12
13
13
14
15
15
14
13
11
9
8
7
6
5
4
3
3
2
0
-1
-5
-15
-26
-26
-14
0
5
11
17
23
29
34
39
43
44
44
42
41
39
36
33
30
28
26
25
24
21
16
11
8
8
13
19
26
34
47
55
50
42
37
32
26
21
16
15
14
15
16
18
22
30
36
35
31
30
28
27
26
26
25
23
21
20
19
20
22
24
26
28
30
30
31
30
29
27
25
22
19
15
12
10
8
6
3
0
-2
-6
-9
-13
-16
-21
-24
-27
-30
-31
-33
-35
-38
-41
-43
-43
-43
-43
-43
-42
-40
-37
-33
-29
-25
-22
-18
-15
-11
-8
-6
-4
-3
-1
1
4
7
10
12
14
15
15
15
13
9
4
0
-3
-8
-12
-17
-24
-31
-38
-50
-68
-135
-243
-381
-541
-707
-855
-948
-956
-904
-754
-556
-351
-183
-72
-10
27
51
66
67
58
47
43
41
39
37
36
33
31
27
24
21
18
17
16
17
17
17
17
17
16
15
13
11
8
5
1
-1
-5
-7
-8
-8
-8
-8
-10
-14
-21
-26
-30
-31
-32
-31
-28
-25
-19
-11
-3
-4
-20
-39
-48
-54
-60
-66
-73
-79
-85
-90
-94
-98
-102
-107
-111
-115
-119
-124
-131
-140
-150
-162
-174
-184
-191
-198
-205
-212
-218
-222
-224
-226
-226
-225
-224
-221
-217
-211
-204
-196
-184
-162
-143
-130
-122
-116
-108
-97
-85
-68
-44
-7
23
40
52
61
68
73
75
76
77
78
78
80
82
86
88
88
83
77
72
65
60
57
61
70
79
86
92
97
101
106
109
112
112
110
105
99
92
85
79
72
59
47
41
39
37
34
28
29
45
55
64
72
78
80
76
70
62
55
44
36
35
41
47
51
55
60
65
67
68
65
60
53
46
40
30
22
18
23
32
42
48
55
62
68
71
74
75
74
73
71
68
63
57
52
49
45
40
35
29
26
26
28
33
38
41
44
47
51
55
59
61
62
62
61
57
53
47
40
33
27
22
17
13
8
3
0
-2
-2
-1
2
7
14
21
29
40
60
76
89
102
117
116
90
60
31
18
9
2
-3
-7
-7
-5
-1
3
6
10
15
19
21
22
22
21
22
22
23
22
21
19
18
18
18
18
18
17
16
14
12
10
7
4
1
-1
-3
-6
-8
-11
-13
-15
-17
-19
-20
-20
-20
-19
-18
-18
-17
-17
-17
-18
-18
-18
-17
-15
-12
-10
-7
-5
-3
-3
-2
-2
-2
-2
-1
0
0
0
1
2
3
6
10
16
23
31
41
59
59
40
-8
-109
-255
-442
-657
-870
-1033
-1079
-1062
-933
-726
-497
-298
-162
-90
-45
4
48
83
107
90
35
-30
-54
-64
-54
-32
-4
24
27
28
29
30
28
23
23
23
23
23
24
25
25
25
24
23
22
21
20
18
16
15
14
14
14
14
13
12
10
8
6
2
-1
-6
-11
-17
-23
-27
-31
-35
-38
-40
-43
-46
-49
-52
-57
-62
-68
-73
-76
-80
-84
-88
-93
-98
-103
-111
-124
-139
-157
-175
-186
-193
-200
-206
-212
-218
-222
-224
-225
-224
-222
-221
-218
-213
-206
-197
-187
-176
-158
-121
-99
-83
-70
-56
-35
-13
1
14
26
37
46
53
58
61
64
66
68
69
70
71
73
77
81
84
86
87
87
87
86
85
81
77
72
67
64
61
58
54
50
41
33
31
35
43
50
53
57
62
66
69
69
65
58
51
45
41
34
26
18
13
13
18
26
35
43
49
56
64
72
77
77
70
59
45
33
24
15
5
-5
-14
-20
-23
-21
-16
-9
-1
5
11
17
25
33
41
46
49
48
45
41
36
31
27
20
13
6
2
1
3
5
8
10
12
14
16
19
21
23
24
24
23
20
17
13
9
6
1
-4
-10
-15
-16
-15
-13
-11
-8
-5
0
5
7
10
11
12
13
14
14
15
15
14
13
12
12
13
14
13
11
9
7
6
6
6
6
6
5
4
3
1
0
-3
-5
-7
-7
-5
-2
0
3
6
10
14
17
19
19
14
6
-1
-10
-17
-27
-38
-46
-50
-48
-43
-37
-31
-25
-18
-10
-2
2
4
4
4
5
4
3
0
-4
-8
-10
-11
-11
-10
-10
-9
-7
-5
-2
-1
0
-1
-1
-2
-2
-2
